accnum,AAA,AAC,AAG,AAT,ACA,ACC,ACG,ACT,AGA,AGC,AGG,AGT,ATA,ATC,ATG,ATT,CAA,CAC,CAG,CAT,CCA,CCC,CCG,CCT,CGA,CGC,CGG,CGT,CTA,CTC,CTG,CTT,GAA,GAC,GAG,GAT,GCA,GCC,GCG,GCT,GGA,GGC,GGG,GGT,GTA,GTC,GTG,GTT,TAA,TAC,TAG,TAT,TCA,TCC,TCG,TCT,TGA,TGC,TGG,TGT,TTA,TTC,TTG,TTT
'NC_045512.2:21563..25384', 38, 34, 23, 54, 40, 10, 3, 44, 20, 5, 10, 17, 18, 14, 14, 44, 46, 4, 16, 13, 25, 4, 0, 29, 0, 1, 2, 9, 9, 12, 3, 36, 34, 19, 14, 43, 27, 8, 2, 42, 17, 15, 3, 47, 15, 21, 13, 48, 0, 14, 0, 40, 26, 12, 2, 37, 0, 12, 12, 28, 28, 18, 20, 59
'MT263381.1:21556..25377', 38, 34, 23, 54, 40, 10, 3, 44, 20, 5, 10, 17, 18, 14, 14, 44, 46, 4, 16, 13, 25, 4, 0, 29, 0, 1, 2, 9, 9, 12, 3, 36, 34, 19, 14, 43, 27, 8, 2, 42, 17, 15, 3, 47, 15, 21, 13, 48, 0, 14, 0, 40, 26, 12, 2, 37, 0, 12, 12, 28, 28, 18, 20, 59
'MT263382.1:21550..25371', 38, 34, 23, 54, 40, 10, 3, 44, 20, 5, 10, 17, 18, 14, 14, 44, 46, 4, 16, 13, 25, 4, 0, 29, 0, 1, 2, 9, 9, 12, 3, 36, 34, 19, 14, 43, 27, 8, 2, 42, 17, 15, 3, 47, 15, 21, 13, 48, 0, 14, 0, 40, 26, 12, 2, 37, 0, 12, 12, 28, 28, 18, 20, 59
'MT263383.1:21457..25278', 38, 34, 23, 54, 40, 10, 3, 44, 20, 5, 10, 17, 18, 14, 14, 44, 46, 4, 16, 13, 25, 4, 0, 29, 0, 1, 2, 9, 9, 12, 3, 36, 34, 19, 14, 43, 27, 8, 2, 42, 17, 15, 3, 47, 15, 21, 13, 48, 0, 14, 0, 40, 26, 12, 2, 37, 0, 12, 12, 28, 28, 18, 20, 59
'MT263384.1:21462..25283', 38, 33, 23, 55, 40, 10, 3, 43, 20, 5, 10, 17, 18, 14, 14, 45, 46, 4, 16, 13, 25, 4, 0, 29, 0, 1, 2, 9, 9, 12, 3, 36, 34, 19, 14, 43, 27, 8, 2, 42, 17, 15, 3, 47, 15, 21, 13, 48, 0, 14, 0, 40, 26, 12, 2, 37, 0, 12, 12, 28, 28, 18, 20, 59
'MT263386.1:21502..25323', 38, 34, 23, 54, 40, 10, 3, 44, 20, 5, 10, 17, 18, 14, 14, 44, 46, 4, 16, 13, 25, 4, 0, 29, 0, 1, 2, 9, 9, 12, 3, 36, 34, 19, 14, 43, 26, 8, 2, 43, 17, 15, 3, 47, 15, 21, 13, 48, 0, 14, 0, 40, 26, 12, 2, 37, 0, 12, 12, 28, 28, 18, 20, 59
'MT263387.1:21501..25322', 38, 34, 23, 54, 40, 10, 3, 44, 20, 5, 10, 17, 18, 14, 14, 44, 46, 5, 16, 13, 25, 4, 0, 29, 0, 1, 2, 9, 9, 12, 3, 36, 34, 18, 14, 43, 27, 8, 2, 42, 17, 15, 3, 47, 15, 21, 13, 48, 0, 14, 0, 40, 26, 12, 2, 37, 0, 12, 12, 28, 28, 18, 20, 59
'MT263388.1:21439..25260', 38, 34, 23, 54, 40, 10, 3, 44, 20, 5, 10, 17, 18, 14, 14, 44, 46, 4, 16, 13, 25, 4, 0, 29, 0, 1, 2, 9, 9, 12, 3, 36, 34, 19, 14, 43, 27, 8, 2, 42, 17, 15, 3, 47, 15, 21, 13, 48, 0, 14, 0, 40, 26, 12, 2, 37, 0, 12, 12, 28, 28, 18, 20, 59
'MT263390.1:21415..25236', 38, 34, 23, 54, 40, 10, 3, 44, 20, 5, 10, 17, 18, 14, 14, 44, 46, 4, 16, 13, 25, 4, 0, 29, 0, 1, 2, 9, 9, 12, 3, 36, 34, 19, 14, 42, 27, 8, 2, 42, 17, 15, 3, 48, 15, 21, 13, 48, 0, 14, 0, 40, 26, 12, 2, 37, 0, 12, 12, 28, 28, 18, 20, 59
'MT263391.1:21559..25380', 38, 34, 23, 54, 40, 10, 3, 44, 20, 5, 10, 17, 18, 14, 14, 44, 46, 4, 16, 13, 25, 4, 0, 29, 0, 1, 2, 9, 9, 12, 3, 36, 34, 19, 14, 42, 27, 8, 2, 42, 17, 15, 3, 48, 15, 21, 13, 48, 0, 14, 0, 40, 26, 12, 2, 37, 0, 12, 12, 28, 28, 18, 20, 59
'MT263392.1:21542..25363', 38, 34, 23, 54, 40, 10, 3, 44, 20, 5, 10, 17, 18, 14, 14, 44, 46, 4, 16, 13, 25, 4, 0, 29, 0, 1, 2, 9, 9, 12, 3, 36, 34, 19, 14, 42, 27, 8, 2, 42, 17, 15, 3, 48, 15, 21, 13, 48, 0, 14, 0, 40, 26, 12, 2, 37, 0, 12, 12, 28, 28, 18, 20, 59
'MT263394.1:21398..25219', 38, 34, 23, 54, 40, 10, 3, 44, 20, 5, 10, 17, 18, 14, 14, 44, 46, 4, 16, 13, 25, 4, 0, 29, 0, 1, 2, 9, 9, 12, 3, 36, 34, 19, 14, 42, 27, 8, 2, 42, 17, 15, 3, 48, 15, 21, 13, 48, 0, 14, 0, 40, 26, 12, 2, 37, 0, 12, 12, 28, 28, 18, 20, 59
'MT263395.1:21557..25378', 38, 34, 23, 54, 40, 10, 3, 44, 20, 5, 10, 17, 18, 14, 14, 44, 46, 4, 16, 13, 25, 4, 0, 29, 0, 1, 2, 9, 9, 12, 3, 36, 34, 19, 14, 43, 27, 8, 2, 42, 17, 15, 3, 47, 15, 21, 13, 48, 0, 14, 0, 40, 26, 12, 2, 37, 0, 12, 12, 28, 28, 18, 20, 59
'MT263396.1:21563..25384', 38, 34, 23, 54, 40, 10, 3, 44, 20, 5, 10, 17, 18, 14, 14, 44, 46, 4, 16, 13, 25, 4, 0, 29, 0, 1, 2, 9, 9, 12, 3, 36, 34, 19, 14, 43, 27, 8, 2, 42, 17, 15, 3, 47, 15, 21, 13, 48, 0, 14, 0, 40, 26, 12, 2, 37, 0, 12, 12, 28, 28, 18, 20, 59
'MT263398.1:21545..25366', 38, 34, 23, 54, 40, 10, 3, 44, 20, 5, 10, 17, 18, 14, 14, 44, 46, 4, 16, 13, 25, 4, 0, 29, 0, 1, 2, 9, 9, 12, 3, 36, 34, 19, 14, 43, 27, 8, 2, 42, 17, 15, 3, 47, 15, 21, 13, 48, 0, 14, 0, 40, 26, 12, 2, 37, 0, 12, 12, 28, 28, 18, 20, 59
'MT263441.1:21459..25280', 38, 34, 23, 54, 40, 10, 3, 44, 20, 5, 10, 17, 18, 14, 14, 44, 47, 4, 15, 13, 25, 4, 0, 29, 0, 1, 2, 9, 9, 12, 3, 36, 34, 19, 14, 43, 27, 8, 2, 42, 17, 15, 3, 47, 15, 21, 13, 48, 0, 14, 0, 40, 26, 12, 2, 37, 0, 12, 12, 28, 28, 18, 20, 59
'MT263442.1:21480..25301', 38, 34, 23, 54, 40, 10, 3, 44, 20, 5, 10, 17, 18, 14, 14, 44, 46, 4, 16, 13, 25, 4, 0, 29, 0, 1, 2, 9, 9, 12, 3, 36, 34, 19, 14, 42, 27, 8, 2, 42, 17, 15, 3, 48, 15, 21, 13, 48, 0, 14, 0, 40, 26, 12, 2, 37, 0, 12, 12, 28, 28, 18, 20, 59
'MT263443.1:21536..25357', 38, 34, 23, 54, 40, 10, 3, 44, 20, 5, 10, 17, 18, 14, 14, 44, 46, 4, 16, 13, 25, 4, 0, 29, 0, 1, 2, 9, 9, 12, 3, 36, 34, 19, 14, 43, 27, 8, 2, 41, 17, 15, 3, 47, 15, 21, 13, 49, 0, 14, 0, 40, 26, 12, 2, 37, 0, 12, 12, 28, 28, 18, 20, 59
'MT263445.1:21561..25382', 38, 34, 23, 54, 40, 10, 3, 44, 20, 5, 10, 17, 18, 14, 14, 44, 46, 4, 16, 13, 25, 4, 0, 29, 0, 1, 2, 9, 9, 12, 3, 36, 34, 19, 14, 42, 27, 8, 2, 42, 17, 15, 3, 48, 15, 21, 13, 48, 0, 14, 0, 40, 26, 12, 2, 37, 0, 12, 12, 28, 28, 18, 20, 59
'MT263402.1:21532..25353', 38, 34, 23, 54, 40, 10, 3, 44, 20, 5, 10, 17, 18, 14, 14, 44, 46, 4, 16, 13, 25, 4, 0, 29, 0, 1, 2, 9, 9, 12, 3, 36, 34, 19, 14, 42, 27, 8, 2, 42, 17, 15, 3, 48, 15, 21, 13, 48, 0, 14, 0, 40, 26, 12, 2, 37, 0, 12, 12, 28, 28, 18, 20, 59
'MT263449.1:21490..25311', 38, 34, 23, 54, 40, 10, 3, 44, 20, 5, 10, 17, 18, 14, 14, 44, 46, 4, 16, 13, 25, 4, 0, 29, 0, 1, 2, 9, 9, 12, 3, 36, 34, 19, 14, 43, 27, 8, 2, 42, 17, 15, 3, 47, 15, 21, 13, 48, 0, 14, 0, 40, 26, 12, 2, 37, 0, 12, 12, 28, 28, 18, 20, 59
'MT263451.1:21415..25236', 38, 34, 23, 54, 40, 10, 3, 44, 20, 5, 10, 17, 18, 14, 14, 44, 46, 4, 16, 13, 25, 4, 0, 29, 0, 1, 2, 9, 9, 12, 3, 36, 34, 19, 14, 43, 27, 8, 2, 42, 17, 15, 3, 47, 15, 21, 13, 48, 0, 14, 0, 40, 26, 12, 2, 37, 0, 12, 12, 28, 28, 18, 20, 59
'MT263405.1:21507..25328', 38, 34, 23, 54, 40, 10, 3, 44, 20, 5, 10, 17, 18, 14, 14, 44, 46, 4, 16, 13, 25, 4, 0, 29, 0, 1, 2, 9, 9, 12, 3, 36, 34, 19, 14, 43, 27, 8, 2, 42, 17, 15, 3, 47, 15, 21, 13, 48, 0, 14, 0, 40, 26, 12, 2, 37, 0, 12, 12, 28, 28, 18, 20, 59
'MT263406.1:21539..25360', 38, 34, 23, 54, 40, 10, 3, 44, 20, 5, 10, 17, 18, 14, 14, 44, 46, 4, 16, 13, 25, 4, 0, 29, 0, 1, 2, 9, 9, 12, 3, 36, 34, 19, 14, 42, 27, 8, 2, 42, 17, 15, 3, 48, 15, 21, 13, 48, 0, 14, 0, 40, 26, 12, 2, 37, 0, 12, 12, 28, 28, 18, 20, 59
'MT263453.1:21437..25258', 38, 33, 23, 52, 40, 9, 3, 44, 19, 5, 10, 16, 18, 14, 14, 44, 44, 4, 16, 13, 25, 4, 0, 29, 0, 1, 2, 9, 9, 12, 3, 36, 33, 19, 14, 43, 26, 8, 1, 42, 17, 15, 3, 47, 15, 20, 12, 46, 0, 14, 0, 39, 26, 12, 2, 36, 0, 12, 12, 28, 28, 17, 20, 58
'MT263408.1:21503..25324', 38, 34, 23, 54, 40, 10, 3, 44, 20, 5, 10, 17, 18, 14, 14, 44, 46, 4, 16, 13, 25, 4, 0, 29, 0, 1, 2, 9, 9, 12, 3, 36, 34, 19, 14, 42, 27, 8, 2, 42, 17, 15, 3, 48, 15, 21, 13, 48, 0, 14, 0, 40, 26, 12, 2, 37, 0, 12, 12, 28, 28, 18, 20, 59
'MT263455.1:21437..25258', 38, 34, 23, 54, 40, 10, 3, 44, 20, 5, 10, 17, 18, 14, 14, 44, 46, 4, 16, 13, 25, 4, 0, 29, 0, 1, 2, 9, 9, 12, 3, 36, 34, 19, 14, 43, 27, 8, 2, 42, 17, 15, 3, 47, 15, 21, 13, 48, 0, 14, 0, 40, 26, 12, 2, 37, 0, 12, 12, 28, 28, 18, 20, 59
'MT263456.1:21437..25258', 38, 34, 23, 54, 40, 10, 3, 44, 20, 5, 10, 17, 18, 14, 14, 44, 46, 4, 16, 13, 25, 4, 0, 29, 0, 1, 2, 9, 9, 12, 3, 36, 34, 19, 14, 43, 27, 8, 2, 42, 17, 15, 3, 47, 15, 21, 13, 48, 0, 14, 0, 40, 26, 12, 2, 37, 0, 12, 12, 28, 28, 18, 20, 59
'MT263457.1:21489..25310', 38, 34, 23, 54, 40, 10, 3, 44, 20, 5, 10, 17, 18, 14, 14, 44, 47, 4, 16, 12, 25, 4, 0, 29, 0, 1, 2, 9, 9, 12, 3, 36, 34, 19, 14, 43, 27, 8, 2, 42, 17, 15, 3, 47, 15, 21, 13, 48, 0, 14, 0, 40, 26, 12, 2, 37, 0, 12, 12, 28, 28, 18, 20, 59
'MT263412.1:21490..25311', 38, 34, 23, 54, 40, 10, 3, 44, 20, 5, 10, 17, 18, 14, 14, 44, 46, 4, 16, 13, 25, 4, 0, 29, 0, 1, 2, 9, 9, 12, 3, 36, 34, 19, 14, 43, 27, 8, 2, 43, 17, 15, 3, 47, 15, 21, 13, 47, 0, 14, 0, 40, 26, 12, 2, 37, 0, 12, 12, 28, 28, 18, 20, 59
'MT263413.1:21532..25353', 38, 34, 23, 54, 40, 10, 3, 44, 20, 5, 10, 17, 18, 14, 14, 44, 46, 4, 16, 13, 25, 4, 0, 29, 0, 1, 2, 9, 9, 12, 3, 36, 34, 19, 14, 42, 27, 8, 2, 42, 17, 15, 3, 48, 15, 21, 13, 48, 0, 14, 0, 40, 26, 12, 2, 37, 0, 12, 12, 28, 28, 18, 20, 59
'MT263414.1:21490..25311', 38, 34, 23, 54, 40, 10, 3, 44, 20, 5, 10, 17, 18, 14, 14, 44, 46, 4, 16, 13, 25, 4, 0, 29, 0, 1, 2, 9, 9, 12, 3, 35, 34, 19, 14, 43, 27, 8, 2, 42, 17, 15, 3, 47, 15, 21, 13, 48, 0, 14, 0, 40, 26, 12, 2, 37, 0, 12, 12, 28, 28, 18, 20, 60
'MT263415.1:21489..25310', 38, 34, 23, 54, 40, 10, 3, 44, 20, 5, 10, 17, 18, 14, 14, 44, 46, 4, 16, 13, 25, 4, 0, 29, 0, 1, 2, 9, 9, 12, 3, 36, 34, 19, 14, 42, 27, 8, 2, 42, 17, 15, 3, 48, 15, 21, 13, 48, 0, 14, 0, 40, 26, 12, 2, 37, 0, 12, 12, 28, 28, 18, 20, 59
'MT263416.1:21514..25335', 38, 34, 23, 54, 40, 10, 3, 44, 20, 5, 10, 17, 18, 14, 14, 44, 46, 4, 16, 13, 25, 4, 0, 29, 0, 1, 2, 9, 9, 12, 3, 36, 34, 19, 13, 44, 27, 8, 2, 42, 17, 15, 3, 47, 15, 21, 13, 48, 0, 14, 0, 40, 26, 12, 2, 37, 0, 12, 12, 28, 28, 18, 20, 59
'MT263417.1:21538..25359', 38, 34, 23, 54, 40, 10, 3, 44, 20, 5, 10, 17, 18, 14, 14, 44, 46, 4, 16, 13, 25, 4, 0, 29, 0, 1, 2, 9, 9, 12, 3, 36, 34, 19, 14, 42, 27, 8, 2, 42, 17, 15, 3, 48, 15, 21, 13, 48, 0, 14, 0, 40, 26, 12, 2, 37, 0, 12, 12, 28, 28, 18, 20, 59
'MT263418.1:21540..25361', 38, 34, 23, 54, 40, 10, 3, 44, 20, 5, 10, 17, 18, 14, 14, 44, 46, 4, 16, 13, 25, 4, 0, 29, 0, 1, 2, 9, 9, 12, 3, 36, 34, 19, 14, 43, 27, 8, 2, 43, 17, 15, 3, 47, 15, 21, 13, 47, 0, 14, 0, 40, 26, 12, 2, 37, 0, 12, 12, 28, 28, 18, 20, 59
'MT263419.1:21514..25335', 38, 34, 23, 54, 40, 10, 3, 44, 20, 5, 10, 17, 18, 14, 14, 44, 46, 4, 16, 13, 25, 4, 0, 29, 0, 1, 2, 9, 9, 12, 3, 36, 34, 19, 14, 43, 27, 8, 2, 42, 17, 15, 3, 47, 15, 21, 13, 48, 0, 14, 0, 40, 26, 12, 2, 37, 0, 12, 12, 28, 28, 18, 20, 59
'MT263420.1:21532..25353', 38, 34, 23, 54, 40, 10, 3, 44, 20, 5, 10, 17, 18, 14, 14, 44, 46, 5, 16, 13, 25, 4, 0, 29, 0, 1, 2, 9, 9, 12, 3, 36, 34, 18, 14, 43, 27, 8, 2, 42, 17, 15, 3, 47, 15, 21, 13, 48, 0, 14, 0, 40, 26, 12, 2, 37, 0, 12, 12, 28, 28, 18, 20, 59
'MT263421.1:21560..25381', 38, 34, 23, 54, 40, 10, 3, 44, 20, 5, 10, 17, 18, 14, 14, 44, 46, 4, 16, 13, 25, 4, 0, 29, 0, 1, 2, 9, 9, 12, 3, 36, 34, 19, 14, 43, 27, 8, 2, 42, 17, 15, 3, 47, 15, 21, 13, 48, 0, 14, 0, 40, 26, 12, 2, 37, 0, 12, 12, 28, 28, 18, 20, 59
'MT263422.1:21489..25310', 38, 34, 23, 54, 40, 10, 3, 44, 20, 5, 10, 17, 18, 14, 14, 44, 46, 4, 16, 13, 25, 4, 0, 29, 0, 1, 2, 9, 9, 12, 3, 36, 34, 19, 14, 43, 27, 8, 2, 42, 17, 15, 3, 47, 15, 21, 13, 48, 0, 14, 0, 40, 26, 12, 2, 37, 0, 12, 12, 28, 28, 18, 20, 59
'MT263423.1:21489..25310', 38, 34, 23, 54, 40, 10, 3, 44, 20, 5, 10, 17, 18, 14, 14, 44, 46, 4, 16, 13, 25, 4, 0, 29, 0, 1, 2, 9, 9, 12, 3, 36, 34, 19, 14, 43, 27, 8, 2, 42, 17, 15, 3, 47, 15, 21, 13, 48, 0, 14, 0, 40, 26, 12, 2, 37, 0, 12, 12, 28, 28, 18, 20, 59
'MT263424.1:21507..25328', 38, 34, 23, 54, 40, 10, 3, 44, 20, 5, 10, 17, 18, 14, 14, 44, 46, 4, 16, 13, 25, 4, 0, 29, 0, 1, 2, 9, 9, 12, 3, 36, 34, 19, 14, 43, 27, 8, 2, 42, 17, 15, 3, 47, 15, 21, 13, 48, 0, 14, 0, 40, 26, 12, 2, 37, 0, 12, 12, 28, 28, 18, 20, 59
'MT263425.1:21501..25322', 38, 34, 23, 54, 40, 10, 3, 44, 20, 5, 10, 17, 18, 14, 14, 44, 46, 4, 16, 13, 25, 4, 0, 29, 0, 1, 2, 9, 9, 12, 3, 36, 34, 19, 14, 43, 27, 8, 2, 42, 17, 15, 3, 47, 15, 21, 13, 48, 0, 14, 0, 40, 26, 12, 2, 37, 0, 12, 12, 28, 28, 18, 20, 59
'MT263426.1:21452..25273', 38, 34, 23, 54, 40, 10, 3, 44, 20, 5, 10, 17, 18, 14, 14, 44, 46, 4, 16, 13, 25, 4, 0, 29, 0, 1, 2, 9, 9, 12, 3, 36, 34, 19, 14, 42, 27, 8, 2, 42, 17, 15, 3, 48, 15, 21, 13, 48, 0, 14, 0, 40, 26, 12, 2, 37, 0, 12, 12, 28, 28, 18, 20, 59
'MT263428.1:21439..25260', 38, 34, 23, 54, 40, 10, 3, 44, 20, 5, 10, 17, 18, 14, 14, 44, 46, 4, 16, 13, 25, 4, 0, 29, 0, 1, 2, 9, 9, 12, 3, 36, 34, 19, 14, 42, 27, 8, 2, 42, 17, 15, 3, 48, 15, 21, 13, 48, 0, 14, 0, 40, 26, 12, 2, 37, 0, 12, 12, 28, 28, 18, 20, 59
'MT263429.1:21550..25371', 38, 34, 23, 54, 40, 10, 3, 44, 20, 5, 10, 17, 18, 14, 14, 44, 46, 4, 16, 13, 25, 4, 0, 29, 0, 1, 2, 9, 9, 12, 3, 36, 34, 19, 14, 43, 27, 8, 2, 42, 17, 15, 3, 47, 15, 21, 13, 48, 0, 14, 0, 40, 26, 12, 2, 37, 0, 12, 12, 28, 28, 18, 20, 59
'MT263430.1:21498..25319', 38, 34, 23, 54, 40, 10, 3, 44, 20, 5, 10, 17, 18, 14, 14, 44, 46, 4, 16, 13, 25, 4, 0, 29, 0, 1, 2, 9, 9, 12, 3, 36, 34, 19, 14, 43, 27, 8, 2, 42, 17, 15, 3, 47, 15, 21, 13, 48, 0, 14, 0, 40, 26, 12, 2, 37, 0, 12, 12, 28, 28, 18, 20, 59
'MT263431.1:21524..25345', 38, 34, 23, 54, 40, 10, 3, 44, 20, 5, 10, 17, 17, 14, 14, 44, 46, 4, 16, 12, 25, 4, 0, 29, 0, 1, 2, 9, 9, 12, 3, 36, 34, 19, 14, 42, 27, 8, 2, 41, 17, 15, 3, 48, 15, 21, 13, 48, 0, 14, 0, 40, 26, 12, 2, 37, 0, 12, 12, 28, 28, 17, 20, 59
'MT263432.1:21515..25336', 38, 34, 23, 54, 40, 10, 3, 44, 20, 5, 10, 17, 18, 14, 14, 44, 46, 4, 16, 13, 25, 4, 0, 29, 0, 1, 2, 9, 9, 12, 3, 36, 34, 19, 14, 42, 27, 8, 2, 42, 17, 15, 3, 48, 15, 21, 13, 48, 0, 14, 0, 40, 26, 12, 2, 37, 0, 12, 12, 28, 28, 18, 20, 59
'MT263433.1:21532..25353', 38, 34, 23, 54, 40, 10, 3, 44, 20, 5, 10, 17, 18, 14, 14, 44, 46, 4, 16, 13, 25, 4, 0, 29, 0, 1, 2, 9, 9, 12, 3, 36, 34, 19, 14, 42, 27, 8, 2, 42, 17, 15, 3, 48, 15, 21, 13, 48, 0, 14, 0, 40, 26, 12, 2, 37, 0, 12, 12, 28, 28, 18, 20, 59
'MT263434.1:21489..25310', 38, 34, 23, 54, 40, 10, 3, 44, 20, 5, 10, 17, 18, 14, 14, 44, 46, 4, 16, 13, 25, 4, 0, 29, 0, 1, 2, 9, 9, 12, 3, 36, 34, 19, 14, 43, 27, 8, 2, 42, 17, 15, 3, 47, 15, 21, 13, 48, 0, 14, 0, 40, 26, 12, 2, 37, 0, 12, 12, 28, 28, 18, 20, 59
'MT263435.1:21545..25366', 38, 34, 23, 54, 40, 10, 3, 44, 20, 5, 10, 17, 18, 14, 14, 44, 46, 4, 16, 13, 25, 4, 0, 29, 0, 1, 2, 9, 9, 12, 3, 36, 34, 19, 14, 43, 27, 8, 2, 42, 17, 15, 3, 47, 15, 21, 13, 48, 0, 14, 0, 40, 26, 12, 2, 37, 0, 12, 12, 28, 28, 18, 20, 59
'MT263436.1:21537..25358', 38, 34, 23, 54, 40, 10, 3, 44, 20, 5, 10, 17, 18, 14, 14, 44, 46, 4, 16, 12, 25, 4, 0, 29, 0, 1, 2, 9, 9, 12, 3, 36, 34, 19, 14, 42, 27, 8, 2, 41, 17, 15, 3, 48, 15, 21, 13, 48, 0, 14, 0, 40, 26, 12, 2, 37, 0, 12, 12, 28, 28, 17, 20, 59
'MT263437.1:21532..25353', 38, 34, 23, 54, 40, 10, 3, 44, 20, 5, 10, 17, 18, 14, 14, 44, 46, 4, 16, 13, 25, 4, 0, 29, 0, 1, 2, 9, 9, 12, 3, 36, 34, 19, 14, 42, 27, 8, 2, 42, 17, 15, 3, 48, 15, 21, 13, 48, 0, 14, 0, 40, 26, 12, 2, 37, 0, 12, 12, 28, 28, 18, 20, 59
'MT263438.1:21532..25353', 38, 34, 23, 54, 40, 10, 3, 44, 20, 5, 10, 17, 18, 14, 14, 44, 46, 4, 16, 13, 25, 4, 0, 29, 0, 1, 2, 9, 9, 12, 3, 36, 34, 19, 14, 42, 27, 8, 2, 42, 17, 15, 3, 48, 15, 21, 13, 48, 0, 14, 0, 40, 26, 12, 2, 37, 0, 12, 12, 28, 28, 18, 20, 59
'MT263439.1:21531..25352', 38, 34, 23, 54, 40, 10, 3, 44, 20, 5, 10, 17, 18, 14, 14, 44, 46, 4, 16, 13, 25, 4, 0, 29, 0, 1, 2, 9, 9, 12, 3, 36, 34, 19, 14, 42, 27, 8, 2, 42, 17, 15, 3, 48, 15, 21, 13, 48, 0, 14, 0, 40, 26, 12, 2, 37, 0, 12, 12, 28, 28, 18, 20, 59
'MT263440.1:21512..25333', 38, 34, 23, 54, 40, 10, 3, 44, 20, 5, 10, 17, 18, 14, 14, 44, 46, 4, 16, 13, 25, 4, 0, 29, 0, 1, 2, 9, 9, 12, 3, 36, 34, 19, 14, 43, 27, 8, 2, 42, 17, 15, 3, 47, 15, 21, 13, 48, 0, 14, 0, 40, 26, 12, 2, 37, 0, 12, 12, 28, 28, 18, 20, 59
'MT263459.1:21563..25384', 38, 34, 23, 54, 40, 10, 3, 44, 20, 5, 10, 17, 18, 14, 14, 44, 46, 4, 16, 13, 25, 4, 0, 29, 0, 1, 2, 9, 9, 12, 3, 36, 34, 19, 14, 42, 27, 8, 2, 42, 17, 15, 3, 48, 15, 21, 13, 48, 0, 14, 0, 40, 26, 12, 2, 37, 0, 12, 12, 28, 28, 18, 20, 59
'MT263462.1:21489..25310', 38, 34, 23, 54, 40, 10, 3, 44, 20, 5, 10, 17, 18, 14, 14, 44, 46, 4, 16, 13, 25, 4, 0, 29, 0, 1, 2, 9, 9, 12, 3, 36, 34, 19, 14, 43, 27, 8, 2, 42, 17, 15, 3, 47, 15, 21, 13, 48, 0, 14, 0, 40, 26, 12, 2, 37, 0, 12, 12, 28, 28, 18, 20, 59
'MT263463.1:21528..25349', 38, 34, 23, 54, 40, 10, 3, 44, 20, 5, 10, 17, 18, 14, 14, 44, 46, 4, 16, 13, 25, 4, 0, 29, 0, 1, 2, 9, 9, 12, 3, 36, 34, 19, 14, 43, 27, 8, 2, 42, 17, 15, 3, 47, 15, 21, 13, 48, 0, 14, 0, 40, 26, 12, 2, 37, 0, 12, 12, 28, 28, 18, 20, 59
'MT263464.1:21531..25352', 38, 34, 23, 54, 40, 10, 3, 44, 20, 5, 10, 17, 18, 14, 14, 44, 46, 4, 16, 13, 25, 4, 0, 29, 0, 1, 2, 9, 9, 12, 3, 36, 34, 19, 14, 43, 27, 8, 2, 42, 17, 15, 3, 47, 15, 21, 13, 48, 0, 14, 0, 40, 26, 12, 2, 37, 0, 12, 12, 28, 28, 18, 20, 59
'MT263465.1:21529..25350', 38, 34, 23, 54, 40, 10, 3, 44, 20, 5, 10, 17, 18, 14, 14, 44, 46, 4, 16, 13, 25, 4, 0, 29, 0, 1, 2, 9, 9, 12, 3, 36, 34, 19, 14, 42, 27, 8, 2, 42, 17, 15, 3, 48, 15, 21, 13, 48, 0, 14, 0, 40, 26, 12, 2, 37, 0, 12, 12, 28, 28, 18, 20, 59
'MT263467.1:21513..25334', 38, 34, 23, 54, 40, 10, 3, 44, 20, 5, 10, 17, 18, 14, 14, 44, 46, 4, 16, 13, 25, 4, 0, 29, 0, 1, 2, 9, 9, 12, 3, 36, 34, 19, 14, 42, 27, 8, 2, 42, 17, 15, 3, 48, 15, 21, 13, 48, 0, 14, 0, 40, 26, 12, 2, 37, 0, 12, 12, 28, 28, 18, 20, 59
'MT263468.1:21556..25377', 38, 34, 23, 54, 40, 10, 3, 44, 20, 5, 10, 17, 18, 14, 14, 44, 46, 4, 16, 13, 25, 4, 0, 29, 0, 1, 2, 9, 9, 12, 3, 36, 34, 19, 14, 42, 27, 8, 2, 42, 17, 15, 3, 48, 15, 21, 13, 48, 0, 14, 0, 40, 26, 12, 2, 37, 0, 12, 12, 28, 28, 18, 20, 59
'MT263469.1:21502..25323', 38, 34, 23, 54, 40, 10, 3, 44, 20, 5, 10, 17, 18, 14, 14, 44, 47, 4, 15, 13, 25, 4, 0, 29, 0, 1, 2, 9, 9, 12, 3, 36, 34, 19, 14, 43, 27, 8, 2, 42, 17, 15, 3, 47, 15, 21, 13, 48, 0, 14, 0, 40, 26, 12, 2, 37, 0, 12, 12, 28, 28, 18, 20, 59
'MT263399.1:21532..25353', 38, 34, 23, 54, 40, 10, 3, 44, 20, 5, 10, 17, 18, 14, 14, 44, 46, 4, 16, 13, 25, 4, 0, 29, 0, 1, 2, 9, 9, 12, 3, 36, 34, 19, 14, 43, 27, 8, 2, 42, 17, 15, 3, 47, 15, 21, 13, 48, 0, 14, 0, 40, 26, 12, 2, 37, 0, 12, 12, 28, 28, 18, 20, 59
'MT263400.1:21501..25322', 38, 34, 23, 54, 40, 10, 3, 44, 20, 5, 10, 17, 18, 14, 14, 44, 46, 4, 16, 13, 25, 4, 0, 29, 0, 1, 2, 9, 9, 12, 3, 36, 34, 19, 14, 43, 27, 8, 2, 42, 17, 15, 3, 47, 15, 21, 13, 48, 0, 14, 0, 40, 26, 12, 2, 37, 0, 12, 12, 28, 28, 18, 20, 59
'MT263444.1:21529..25350', 38, 34, 23, 54, 40, 10, 3, 44, 20, 5, 10, 17, 18, 14, 14, 44, 46, 4, 16, 13, 25, 4, 0, 29, 0, 1, 2, 9, 9, 12, 3, 36, 34, 19, 14, 43, 27, 8, 2, 42, 17, 15, 3, 47, 15, 21, 13, 48, 0, 14, 0, 40, 26, 12, 2, 37, 0, 12, 12, 28, 28, 18, 20, 59
'MT263446.1:21557..25378', 38, 34, 23, 54, 40, 10, 3, 44, 20, 5, 10, 17, 18, 14, 14, 44, 46, 4, 16, 13, 25, 4, 0, 29, 0, 1, 2, 9, 9, 12, 3, 36, 34, 19, 14, 42, 27, 8, 2, 42, 17, 15, 3, 48, 15, 21, 13, 48, 0, 14, 0, 40, 26, 12, 2, 37, 0, 12, 12, 28, 28, 18, 20, 59
'MT263447.1:21529..25350', 38, 34, 23, 54, 40, 10, 3, 44, 20, 5, 10, 17, 18, 14, 14, 44, 46, 4, 16, 13, 25, 4, 0, 29, 0, 1, 2, 9, 9, 12, 3, 36, 34, 19, 14, 43, 27, 8, 2, 42, 17, 15, 3, 47, 15, 21, 13, 48, 0, 14, 0, 40, 26, 12, 2, 37, 0, 12, 12, 28, 28, 18, 20, 59
'MT263448.1:21489..25310', 38, 34, 23, 54, 40, 10, 3, 44, 20, 5, 10, 17, 18, 14, 14, 44, 46, 4, 16, 13, 25, 4, 0, 29, 0, 1, 2, 9, 9, 12, 3, 36, 34, 19, 14, 43, 27, 8, 2, 42, 17, 15, 3, 47, 15, 21, 13, 48, 0, 14, 0, 40, 26, 12, 2, 37, 0, 12, 12, 28, 28, 18, 20, 59
'MT263403.1:21532..25353', 38, 34, 23, 54, 40, 10, 3, 44, 20, 5, 10, 17, 18, 14, 14, 44, 46, 4, 16, 13, 25, 4, 0, 29, 0, 1, 2, 9, 9, 12, 3, 36, 34, 19, 14, 43, 27, 8, 2, 43, 17, 15, 3, 47, 15, 21, 13, 47, 0, 14, 0, 40, 26, 12, 2, 37, 0, 12, 12, 28, 28, 18, 20, 59
'MT263450.1:21532..25353', 38, 34, 23, 55, 40, 10, 3, 44, 20, 5, 10, 17, 18, 14, 14, 44, 46, 4, 16, 13, 25, 4, 0, 29, 0, 1, 2, 9, 9, 12, 3, 36, 34, 19, 14, 42, 27, 8, 2, 42, 17, 15, 3, 47, 15, 21, 13, 48, 0, 14, 0, 40, 26, 12, 2, 37, 0, 12, 12, 28, 28, 18, 20, 59
'MT263404.1:21532..25353', 38, 34, 23, 54, 40, 10, 3, 44, 20, 5, 10, 17, 18, 14, 14, 44, 46, 4, 16, 13, 25, 4, 0, 29, 0, 1, 2, 9, 9, 12, 3, 36, 34, 19, 14, 43, 27, 8, 2, 42, 17, 15, 3, 47, 15, 21, 13, 48, 0, 14, 0, 40, 26, 12, 2, 37, 0, 12, 12, 28, 28, 18, 20, 59
'MT263452.1:21532..25353', 38, 34, 23, 54, 40, 10, 3, 44, 20, 5, 10, 17, 18, 14, 14, 44, 46, 4, 16, 13, 25, 4, 0, 29, 0, 1, 2, 9, 9, 12, 3, 36, 34, 19, 14, 43, 27, 8, 2, 42, 17, 15, 3, 47, 15, 21, 13, 48, 0, 14, 0, 40, 26, 12, 2, 37, 0, 12, 12, 28, 28, 18, 20, 59
'MT263454.1:21528..25349', 38, 34, 23, 54, 40, 10, 3, 44, 20, 5, 10, 17, 18, 14, 14, 44, 46, 4, 16, 13, 25, 4, 0, 29, 0, 1, 2, 9, 9, 12, 3, 36, 34, 19, 14, 43, 27, 8, 2, 42, 17, 15, 3, 47, 15, 21, 13, 48, 0, 14, 0, 40, 26, 12, 2, 37, 0, 12, 12, 28, 28, 18, 20, 59
'MT263410.1:21531..25352', 38, 33, 23, 55, 40, 10, 3, 44, 20, 5, 10, 17, 18, 14, 14, 44, 46, 4, 16, 13, 25, 4, 0, 29, 0, 1, 2, 9, 9, 12, 3, 36, 34, 19, 14, 43, 27, 8, 2, 42, 17, 15, 3, 47, 15, 21, 13, 48, 0, 14, 0, 40, 26, 11, 2, 38, 0, 12, 12, 28, 28, 18, 20, 59
'MT263458.1:21550..25371', 38, 34, 23, 54, 40, 10, 3, 44, 20, 5, 10, 17, 18, 14, 14, 44, 46, 4, 16, 13, 25, 4, 0, 29, 0, 1, 2, 9, 9, 12, 3, 36, 34, 19, 14, 43, 27, 8, 2, 42, 17, 15, 3, 47, 15, 21, 13, 48, 0, 14, 0, 40, 26, 12, 2, 37, 0, 12, 12, 28, 28, 18, 20, 59
'MT263411.1:21512..25333', 38, 34, 23, 54, 40, 10, 3, 44, 20, 5, 10, 17, 18, 14, 14, 44, 46, 4, 16, 13, 25, 4, 0, 29, 0, 1, 2, 9, 9, 12, 3, 36, 34, 19, 14, 42, 27, 8, 2, 42, 17, 15, 3, 48, 15, 21, 13, 48, 0, 14, 0, 40, 26, 12, 2, 37, 0, 12, 12, 28, 28, 18, 20, 59
'MT262896.1:21563..25384', 38, 34, 23, 54, 40, 10, 3, 44, 20, 5, 10, 17, 18, 14, 14, 44, 46, 4, 16, 13, 25, 4, 0, 29, 0, 1, 2, 9, 9, 12, 3, 36, 34, 19, 14, 43, 27, 8, 2, 42, 17, 15, 3, 47, 15, 21, 13, 48, 0, 14, 0, 40, 26, 12, 2, 37, 0, 12, 12, 28, 28, 18, 20, 59
'MT262898.1:21563..25384', 38, 34, 23, 54, 40, 10, 3, 44, 20, 5, 10, 17, 18, 14, 14, 44, 46, 4, 16, 13, 25, 4, 0, 29, 0, 1, 2, 9, 9, 12, 3, 36, 34, 19, 14, 43, 27, 8, 2, 42, 17, 15, 3, 47, 15, 21, 13, 48, 0, 14, 0, 40, 26, 12, 2, 37, 0, 12, 12, 28, 28, 18, 20, 59
'MT262902.1:21563..25384', 38, 34, 23, 54, 40, 10, 3, 44, 20, 5, 10, 17, 18, 14, 14, 44, 46, 4, 16, 13, 25, 4, 0, 29, 0, 1, 2, 9, 9, 12, 3, 36, 34, 19, 14, 43, 27, 8, 2, 42, 17, 15, 3, 47, 15, 21, 13, 48, 0, 14, 0, 40, 26, 12, 2, 37, 0, 12, 12, 28, 28, 18, 20, 59
'MT262903.1:21563..25384', 38, 34, 23, 54, 40, 10, 3, 44, 20, 5, 10, 17, 18, 14, 14, 44, 46, 4, 16, 13, 25, 4, 0, 29, 0, 1, 2, 9, 9, 12, 3, 36, 34, 19, 14, 43, 27, 8, 2, 42, 17, 15, 3, 47, 15, 21, 13, 48, 0, 14, 0, 40, 26, 12, 2, 37, 0, 12, 12, 28, 28, 18, 20, 59
'MT262904.1:21563..25384', 38, 34, 23, 54, 40, 10, 3, 44, 20, 5, 10, 17, 18, 14, 14, 44, 46, 4, 16, 13, 25, 4, 0, 29, 0, 1, 2, 9, 9, 12, 3, 36, 34, 19, 14, 43, 27, 8, 2, 42, 17, 15, 3, 47, 15, 21, 13, 48, 0, 14, 0, 40, 26, 12, 2, 37, 0, 12, 12, 28, 28, 18, 20, 59
'MT262905.1:21563..25384', 38, 34, 23, 54, 40, 10, 3, 44, 20, 5, 10, 17, 18, 14, 14, 44, 46, 4, 16, 13, 25, 4, 0, 29, 0, 1, 2, 9, 9, 12, 3, 36, 34, 19, 14, 43, 27, 8, 2, 42, 17, 15, 3, 47, 15, 21, 13, 48, 0, 14, 0, 40, 26, 12, 2, 37, 0, 12, 12, 28, 28, 18, 20, 59
'MT262906.1:21563..25384', 38, 34, 23, 54, 40, 10, 3, 44, 20, 5, 10, 17, 18, 14, 14, 44, 46, 4, 16, 13, 25, 4, 0, 29, 0, 1, 2, 9, 9, 12, 3, 36, 34, 19, 14, 43, 27, 8, 2, 42, 17, 15, 3, 47, 15, 21, 13, 48, 0, 14, 0, 40, 26, 12, 2, 37, 0, 12, 12, 28, 28, 18, 20, 59
'MT262908.1:21563..25384', 38, 34, 23, 54, 40, 10, 3, 44, 20, 5, 10, 17, 18, 14, 14, 44, 46, 4, 16, 13, 25, 4, 0, 29, 0, 1, 2, 9, 9, 12, 3, 36, 34, 19, 14, 43, 27, 8, 2, 42, 17, 15, 3, 47, 15, 21, 13, 48, 0, 14, 0, 40, 26, 12, 2, 37, 0, 12, 12, 28, 28, 18, 20, 59
'MT262913.1:21563..25384', 38, 34, 23, 54, 40, 10, 3, 44, 20, 5, 10, 17, 18, 14, 14, 44, 46, 4, 16, 13, 25, 4, 0, 29, 0, 1, 2, 9, 9, 12, 3, 36, 34, 19, 14, 43, 27, 8, 2, 42, 17, 15, 3, 47, 15, 21, 13, 48, 0, 14, 0, 40, 26, 12, 2, 37, 0, 12, 12, 28, 28, 18, 20, 59
'MT262909.1:21563..25384', 38, 34, 23, 54, 40, 10, 3, 44, 20, 5, 10, 17, 18, 14, 14, 44, 46, 4, 16, 13, 25, 4, 0, 29, 0, 1, 2, 9, 9, 12, 3, 36, 34, 19, 14, 43, 27, 8, 2, 42, 17, 15, 3, 47, 15, 21, 13, 48, 0, 14, 0, 40, 26, 12, 2, 37, 0, 12, 12, 28, 28, 18, 20, 59
'MT262993.1:21527..25348', 38, 34, 23, 54, 40, 10, 3, 44, 20, 5, 10, 17, 18, 14, 14, 44, 46, 4, 16, 13, 25, 4, 0, 29, 0, 1, 2, 9, 9, 12, 3, 36, 34, 19, 14, 43, 27, 8, 2, 42, 17, 15, 3, 47, 15, 21, 13, 48, 0, 14, 0, 40, 26, 12, 2, 37, 0, 12, 12, 28, 28, 18, 20, 59
'MT262910.1:21563..25384', 38, 34, 23, 54, 40, 10, 3, 44, 20, 5, 10, 17, 18, 14, 14, 44, 46, 4, 16, 13, 25, 4, 0, 29, 0, 1, 2, 9, 9, 12, 3, 36, 34, 19, 14, 43, 27, 8, 2, 42, 17, 15, 3, 47, 15, 21, 13, 48, 0, 14, 0, 40, 26, 12, 2, 37, 0, 12, 12, 28, 28, 18, 20, 59
'MT263074.1:21554..25375', 38, 34, 23, 54, 40, 10, 3, 44, 20, 5, 10, 17, 18, 14, 14, 44, 46, 4, 16, 13, 25, 4, 0, 29, 0, 1, 2, 9, 9, 12, 3, 36, 34, 20, 14, 41, 27, 8, 2, 42, 17, 15, 3, 48, 15, 21, 13, 48, 0, 14, 0, 40, 26, 12, 2, 37, 0, 12, 12, 28, 28, 18, 20, 59
'MT262897.1:21563..25384', 38, 34, 23, 54, 40, 10, 3, 44, 20, 5, 10, 17, 18, 14, 14, 44, 46, 4, 16, 13, 25, 4, 0, 29, 0, 1, 2, 9, 9, 12, 3, 36, 34, 19, 14, 43, 27, 8, 2, 42, 17, 15, 3, 47, 15, 21, 13, 48, 0, 14, 0, 40, 26, 12, 2, 37, 0, 12, 12, 28, 28, 18, 20, 59
'MT262899.1:21563..25384', 38, 34, 23, 54, 40, 10, 3, 44, 20, 5, 10, 17, 18, 14, 14, 44, 46, 4, 16, 13, 25, 4, 0, 29, 0, 1, 2, 9, 9, 12, 3, 36, 34, 19, 14, 43, 27, 8, 2, 42, 17, 15, 3, 47, 15, 21, 13, 48, 0, 14, 0, 40, 26, 12, 2, 37, 0, 12, 12, 28, 28, 18, 20, 59
'MT262900.1:21563..25384', 38, 34, 23, 54, 40, 10, 3, 44, 20, 5, 10, 17, 18, 14, 14, 44, 46, 4, 16, 13, 25, 4, 0, 29, 0, 1, 2, 9, 9, 12, 3, 36, 34, 19, 14, 43, 27, 8, 2, 42, 17, 15, 3, 47, 15, 21, 13, 48, 0, 14, 0, 40, 26, 12, 2, 37, 0, 12, 12, 28, 28, 18, 20, 59
'MT262901.1:21563..25384', 38, 34, 23, 54, 40, 10, 3, 44, 20, 5, 10, 17, 18, 14, 14, 44, 46, 4, 16, 13, 25, 4, 0, 29, 0, 1, 2, 9, 9, 12, 3, 36, 34, 19, 14, 43, 27, 8, 2, 42, 17, 15, 3, 47, 15, 21, 13, 48, 0, 14, 0, 40, 26, 12, 2, 37, 0, 12, 12, 28, 28, 18, 20, 59
'MT262911.1:21563..25384', 38, 34, 23, 54, 40, 10, 3, 44, 20, 5, 10, 17, 18, 14, 14, 44, 46, 4, 16, 13, 25, 4, 0, 29, 0, 1, 2, 9, 9, 12, 3, 36, 34, 19, 14, 43, 27, 8, 2, 42, 17, 15, 3, 47, 15, 21, 13, 48, 0, 14, 0, 40, 26, 12, 2, 37, 0, 12, 12, 28, 28, 18, 20, 59
'MT262907.1:21563..25384', 38, 34, 23, 54, 40, 10, 3, 44, 20, 5, 10, 17, 18, 14, 14, 44, 46, 4, 16, 13, 25, 4, 0, 29, 0, 1, 2, 9, 9, 12, 3, 36, 34, 19, 14, 43, 27, 8, 2, 42, 17, 15, 3, 47, 15, 21, 13, 48, 0, 14, 0, 40, 26, 12, 2, 37, 0, 12, 12, 28, 28, 18, 20, 59
'MT262912.1:21563..25384', 38, 34, 23, 54, 40, 10, 3, 44, 20, 5, 10, 17, 18, 14, 14, 44, 46, 4, 16, 13, 25, 4, 0, 29, 0, 1, 2, 9, 9, 12, 3, 36, 34, 19, 14, 43, 27, 8, 2, 42, 17, 15, 3, 47, 15, 21, 13, 48, 0, 14, 0, 40, 26, 12, 2, 37, 0, 12, 12, 28, 28, 18, 20, 59
'MT262914.1:21563..25384', 38, 34, 23, 54, 40, 10, 3, 44, 20, 5, 10, 17, 18, 14, 14, 44, 46, 4, 16, 13, 25, 4, 0, 29, 0, 1, 2, 9, 9, 12, 3, 36, 34, 19, 14, 43, 27, 8, 2, 42, 17, 15, 3, 47, 15, 21, 13, 48, 0, 14, 0, 40, 26, 12, 2, 37, 0, 12, 12, 28, 28, 18, 20, 59
'MT262915.1:21563..25384', 38, 34, 23, 54, 40, 10, 3, 44, 20, 5, 10, 17, 18, 14, 14, 44, 46, 4, 16, 13, 25, 4, 0, 29, 0, 1, 2, 9, 9, 12, 3, 36, 34, 19, 14, 43, 26, 8, 2, 42, 17, 15, 3, 47, 15, 21, 13, 48, 0, 14, 0, 40, 27, 12, 2, 37, 0, 12, 12, 28, 28, 18, 20, 59
'MT262916.1:21563..25384', 38, 34, 23, 54, 40, 10, 3, 44, 20, 5, 10, 17, 18, 14, 14, 44, 46, 4, 16, 13, 25, 4, 0, 29, 0, 1, 2, 9, 9, 12, 3, 36, 34, 19, 14, 43, 27, 8, 2, 42, 17, 15, 3, 47, 15, 21, 13, 48, 0, 14, 0, 40, 26, 12, 2, 37, 0, 12, 12, 28, 28, 18, 20, 59
'MT258377.1:21548..25369', 38, 34, 23, 54, 40, 10, 3, 44, 20, 5, 10, 17, 18, 14, 14, 44, 46, 4, 16, 13, 25, 4, 0, 29, 0, 1, 2, 9, 9, 12, 3, 36, 34, 19, 14, 43, 27, 8, 2, 42, 17, 15, 3, 47, 15, 21, 13, 48, 0, 14, 0, 40, 26, 12, 2, 37, 0, 12, 12, 28, 28, 18, 20, 59
'MT259243.1:21456..25277', 38, 34, 23, 54, 40, 10, 3, 44, 20, 5, 10, 17, 18, 14, 14, 44, 46, 4, 16, 13, 25, 4, 0, 29, 0, 1, 2, 9, 9, 12, 3, 36, 34, 19, 14, 42, 27, 8, 2, 42, 17, 15, 3, 48, 15, 21, 13, 48, 0, 14, 0, 40, 26, 12, 2, 37, 0, 12, 12, 28, 28, 18, 20, 59
'MT259244.1:21529..25350', 38, 34, 23, 54, 40, 10, 3, 44, 20, 5, 10, 17, 18, 14, 14, 44, 46, 4, 16, 13, 25, 4, 0, 29, 0, 1, 2, 9, 9, 12, 3, 36, 34, 19, 14, 42, 27, 8, 2, 42, 17, 15, 3, 48, 15, 21, 13, 48, 0, 14, 0, 40, 26, 12, 2, 37, 0, 12, 12, 28, 28, 18, 20, 59
'MT259245.1:21480..25301', 38, 34, 23, 54, 40, 10, 3, 44, 20, 5, 10, 17, 18, 14, 14, 44, 46, 4, 16, 13, 25, 4, 0, 29, 0, 1, 2, 9, 9, 12, 3, 36, 34, 19, 14, 43, 27, 8, 2, 42, 17, 15, 3, 47, 15, 21, 13, 48, 0, 14, 0, 40, 26, 12, 2, 37, 0, 12, 12, 28, 28, 18, 20, 59
'MT259246.1:21528..25349', 38, 34, 23, 54, 40, 10, 3, 44, 20, 5, 10, 17, 18, 14, 14, 44, 46, 4, 16, 13, 25, 4, 0, 29, 0, 1, 2, 9, 9, 12, 3, 36, 34, 19, 14, 42, 27, 8, 2, 42, 17, 15, 3, 48, 15, 21, 13, 48, 0, 14, 0, 40, 26, 12, 2, 37, 0, 12, 12, 28, 28, 18, 20, 59
'MT259252.1:21489..25310', 38, 33, 23, 55, 40, 10, 3, 44, 20, 5, 10, 17, 18, 14, 14, 44, 46, 4, 16, 13, 25, 4, 0, 29, 0, 1, 2, 9, 9, 12, 3, 36, 34, 19, 14, 43, 27, 8, 2, 42, 17, 15, 3, 47, 15, 21, 13, 48, 0, 14, 0, 40, 26, 12, 2, 37, 0, 12, 12, 28, 28, 18, 20, 59
'MT259253.1:21473..25294', 38, 34, 23, 54, 41, 10, 3, 44, 20, 5, 10, 17, 18, 14, 14, 44, 46, 4, 16, 13, 25, 4, 0, 29, 0, 1, 2, 9, 9, 12, 3, 36, 34, 19, 14, 43, 26, 8, 2, 42, 17, 15, 3, 47, 15, 21, 13, 48, 0, 14, 0, 40, 26, 12, 2, 37, 0, 12, 12, 28, 28, 18, 20, 59
'MT259254.1:21548..25369', 38, 34, 23, 54, 40, 10, 3, 44, 20, 5, 10, 17, 18, 14, 14, 44, 46, 4, 16, 13, 25, 4, 0, 29, 0, 1, 2, 9, 9, 12, 3, 36, 34, 19, 14, 43, 27, 8, 2, 42, 17, 15, 3, 47, 15, 21, 13, 48, 0, 14, 0, 40, 26, 12, 2, 37, 0, 12, 12, 28, 28, 18, 20, 59
'MT259256.1:21532..25353', 38, 34, 23, 54, 40, 10, 3, 44, 20, 5, 10, 17, 18, 14, 14, 44, 46, 4, 16, 13, 25, 4, 0, 29, 0, 1, 2, 9, 9, 12, 3, 36, 34, 19, 14, 42, 27, 8, 2, 42, 17, 15, 3, 48, 15, 21, 13, 48, 0, 14, 0, 40, 26, 12, 2, 37, 0, 12, 12, 28, 28, 18, 20, 59
'MT259257.1:21532..25353', 38, 34, 23, 54, 40, 10, 3, 44, 20, 5, 10, 17, 18, 14, 14, 44, 46, 4, 16, 13, 25, 4, 0, 29, 0, 1, 2, 9, 8, 12, 3, 36, 34, 19, 14, 43, 27, 8, 2, 42, 17, 15, 3, 47, 15, 21, 13, 48, 0, 14, 0, 40, 26, 12, 2, 37, 0, 12, 12, 28, 29, 18, 20, 59
'MT259258.1:21304..25125', 38, 34, 23, 54, 40, 10, 3, 44, 20, 5, 10, 17, 18, 14, 14, 44, 46, 4, 16, 13, 25, 4, 0, 29, 0, 1, 2, 9, 9, 12, 3, 36, 34, 19, 14, 42, 27, 8, 2, 42, 17, 15, 3, 48, 15, 21, 13, 48, 0, 14, 0, 40, 26, 12, 2, 37, 0, 12, 12, 28, 28, 18, 20, 59
'MT259263.1:21532..25353', 38, 34, 23, 54, 40, 10, 3, 44, 20, 5, 10, 17, 18, 14, 14, 44, 46, 4, 16, 13, 25, 4, 0, 29, 0, 1, 2, 9, 9, 12, 3, 36, 34, 19, 14, 42, 27, 8, 2, 42, 17, 15, 3, 48, 15, 21, 13, 48, 0, 14, 0, 40, 26, 12, 2, 37, 0, 12, 12, 28, 28, 18, 20, 59
'MT259264.1:21532..25353', 38, 34, 23, 54, 40, 10, 3, 44, 20, 5, 10, 17, 18, 14, 14, 44, 46, 4, 16, 13, 25, 4, 0, 29, 0, 1, 2, 9, 9, 12, 3, 36, 34, 19, 14, 42, 27, 8, 2, 42, 17, 15, 3, 48, 15, 21, 13, 48, 0, 14, 0, 40, 26, 12, 2, 37, 0, 12, 12, 28, 28, 18, 20, 59
'MT259266.1:21508..25329', 38, 34, 23, 54, 40, 10, 3, 44, 20, 5, 10, 17, 18, 14, 14, 44, 46, 4, 16, 13, 25, 4, 0, 29, 0, 1, 2, 9, 9, 12, 3, 36, 34, 19, 14, 43, 27, 8, 2, 42, 17, 15, 3, 47, 15, 21, 13, 48, 0, 14, 0, 40, 26, 12, 2, 37, 0, 12, 12, 28, 28, 18, 20, 59
'MT259235.1:21415..25236', 38, 34, 23, 54, 40, 10, 3, 44, 20, 5, 10, 17, 18, 14, 14, 44, 46, 4, 16, 13, 25, 4, 0, 29, 0, 1, 2, 9, 9, 12, 3, 36, 34, 19, 14, 42, 27, 8, 2, 42, 17, 15, 3, 48, 15, 21, 13, 48, 0, 14, 0, 40, 26, 12, 2, 37, 0, 12, 12, 28, 28, 18, 20, 59
'MT259236.1:21539..25360', 38, 34, 23, 54, 40, 10, 3, 44, 20, 5, 10, 17, 18, 14, 14, 44, 46, 4, 16, 13, 25, 4, 0, 29, 0, 1, 2, 9, 9, 12, 3, 36, 34, 19, 14, 43, 27, 8, 2, 43, 17, 15, 3, 47, 15, 21, 13, 47, 0, 14, 0, 40, 26, 12, 2, 37, 0, 12, 12, 28, 28, 18, 20, 59
'MT259249.1:21481..25302', 38, 34, 23, 54, 40, 10, 3, 44, 20, 5, 10, 17, 18, 14, 14, 44, 46, 4, 16, 13, 25, 4, 0, 29, 0, 1, 2, 9, 9, 12, 3, 36, 34, 19, 14, 42, 27, 8, 2, 42, 17, 15, 3, 48, 15, 21, 13, 48, 0, 14, 0, 40, 26, 12, 2, 37, 0, 12, 12, 28, 28, 19, 19, 59
'MT259250.1:21367..25188', 38, 34, 23, 54, 40, 10, 3, 44, 20, 5, 10, 17, 18, 14, 14, 44, 46, 4, 16, 13, 25, 4, 0, 29, 0, 1, 2, 9, 9, 12, 3, 36, 34, 19, 14, 42, 27, 8, 2, 42, 17, 15, 3, 48, 15, 21, 13, 48, 0, 14, 0, 40, 26, 12, 2, 37, 0, 12, 12, 28, 28, 18, 20, 59
'MT258380.1:21550..25371', 38, 34, 23, 54, 40, 10, 3, 44, 20, 5, 10, 17, 18, 14, 14, 44, 46, 4, 16, 13, 25, 4, 0, 29, 0, 1, 2, 9, 9, 12, 3, 36, 34, 19, 14, 42, 27, 8, 2, 42, 17, 15, 3, 48, 15, 21, 13, 48, 0, 14, 0, 40, 26, 12, 2, 37, 0, 12, 12, 28, 28, 18, 20, 59
'MT259237.1:21531..25352', 38, 34, 23, 54, 40, 10, 3, 44, 20, 5, 10, 17, 18, 14, 14, 44, 46, 4, 16, 13, 25, 4, 0, 29, 0, 1, 2, 9, 9, 12, 3, 36, 34, 19, 14, 43, 27, 8, 2, 42, 17, 15, 3, 47, 15, 21, 13, 48, 0, 14, 0, 40, 26, 12, 2, 37, 0, 12, 12, 28, 28, 18, 20, 59
'MT259239.1:21303..25124', 38, 34, 23, 54, 40, 10, 3, 44, 20, 5, 10, 17, 18, 14, 14, 44, 46, 4, 16, 13, 25, 4, 0, 29, 0, 1, 2, 9, 9, 12, 3, 36, 34, 19, 14, 42, 27, 8, 2, 42, 17, 15, 3, 48, 15, 21, 13, 48, 0, 14, 0, 40, 26, 12, 2, 37, 0, 12, 12, 28, 28, 18, 20, 59
'MT259261.1:21531..25352', 38, 34, 23, 54, 40, 10, 3, 44, 20, 5, 10, 17, 18, 14, 14, 44, 46, 4, 16, 13, 25, 4, 0, 29, 0, 1, 2, 9, 9, 12, 3, 36, 34, 19, 14, 42, 27, 8, 2, 42, 17, 15, 3, 48, 15, 21, 13, 48, 0, 14, 0, 40, 26, 12, 2, 37, 0, 12, 12, 28, 28, 18, 20, 59
'MT259251.1:21531..25352', 38, 34, 23, 54, 40, 10, 3, 44, 20, 5, 10, 17, 18, 14, 14, 44, 46, 4, 16, 13, 25, 4, 0, 29, 0, 1, 2, 9, 9, 12, 3, 36, 34, 19, 14, 42, 27, 8, 2, 42, 17, 15, 3, 48, 15, 21, 13, 48, 0, 14, 0, 40, 26, 12, 2, 37, 0, 12, 12, 28, 28, 18, 20, 59
'MT259269.1:21557..25378', 38, 34, 23, 54, 40, 10, 3, 44, 20, 5, 10, 17, 18, 14, 14, 44, 46, 4, 16, 13, 25, 4, 0, 29, 0, 1, 2, 9, 9, 12, 3, 36, 34, 20, 14, 42, 27, 8, 2, 42, 16, 15, 3, 48, 15, 21, 13, 48, 0, 14, 0, 40, 26, 12, 2, 37, 0, 12, 12, 28, 28, 18, 20, 59
'MT259271.1:21551..25372', 38, 34, 23, 54, 40, 10, 3, 44, 20, 5, 10, 17, 18, 14, 14, 44, 46, 4, 16, 13, 25, 4, 0, 29, 0, 1, 2, 9, 9, 12, 3, 36, 34, 19, 14, 43, 27, 8, 2, 42, 17, 15, 3, 47, 15, 21, 13, 48, 0, 14, 0, 40, 26, 12, 2, 37, 0, 12, 12, 28, 28, 18, 20, 59
'MT259280.1:21306..25127', 38, 34, 23, 54, 40, 10, 3, 44, 20, 5, 10, 17, 18, 14, 14, 44, 46, 4, 16, 13, 25, 4, 0, 29, 0, 1, 2, 9, 9, 12, 3, 36, 34, 19, 14, 43, 27, 8, 2, 42, 17, 15, 3, 47, 15, 21, 13, 48, 0, 14, 0, 40, 26, 12, 2, 37, 0, 12, 12, 28, 28, 18, 20, 59
'MT259281.1:21532..25353', 38, 34, 23, 54, 40, 10, 3, 44, 20, 5, 10, 17, 18, 14, 14, 44, 46, 4, 16, 13, 25, 4, 0, 29, 0, 1, 2, 9, 9, 12, 3, 36, 34, 18, 14, 42, 27, 8, 2, 42, 17, 15, 3, 48, 15, 21, 13, 48, 0, 15, 0, 40, 26, 12, 2, 37, 0, 12, 12, 28, 28, 18, 20, 59
'MT259282.1:21514..25335', 38, 34, 23, 54, 40, 10, 3, 44, 20, 5, 10, 18, 18, 14, 14, 44, 46, 4, 16, 13, 25, 4, 0, 29, 0, 1, 2, 9, 9, 12, 3, 36, 34, 19, 14, 43, 27, 8, 2, 42, 17, 15, 3, 46, 15, 21, 13, 48, 0, 14, 0, 40, 26, 12, 2, 37, 0, 12, 12, 28, 28, 18, 20, 59
'MT259260.1:21532..25353', 38, 34, 23, 54, 40, 10, 3, 44, 20, 5, 10, 17, 18, 14, 14, 44, 46, 4, 16, 13, 25, 4, 0, 29, 0, 1, 2, 9, 9, 12, 3, 36, 34, 19, 14, 42, 27, 8, 2, 42, 17, 15, 3, 48, 15, 21, 13, 48, 0, 14, 0, 40, 26, 12, 2, 37, 0, 12, 12, 28, 28, 18, 20, 59
'MT259268.1:21415..25236', 38, 34, 23, 54, 40, 10, 3, 44, 20, 5, 10, 17, 18, 14, 14, 44, 46, 4, 16, 13, 25, 4, 0, 29, 0, 1, 2, 9, 9, 12, 3, 36, 34, 19, 14, 43, 27, 8, 2, 42, 17, 15, 3, 47, 15, 21, 13, 48, 0, 14, 0, 40, 26, 12, 2, 37, 0, 12, 12, 28, 28, 18, 20, 59
'MT259273.1:21546..25367', 38, 34, 23, 54, 40, 10, 3, 44, 20, 5, 10, 17, 18, 14, 14, 44, 46, 4, 16, 13, 25, 4, 0, 29, 0, 1, 2, 9, 9, 12, 3, 36, 34, 19, 14, 42, 27, 8, 2, 42, 17, 15, 3, 48, 15, 21, 13, 48, 0, 14, 0, 40, 26, 12, 2, 37, 0, 12, 12, 28, 28, 18, 20, 59
'MT259284.1:21164..24985', 38, 34, 22, 53, 40, 10, 3, 44, 20, 5, 9, 17, 18, 14, 14, 44, 46, 4, 16, 13, 25, 4, 0, 29, 0, 1, 2, 9, 9, 12, 3, 35, 33, 19, 14, 42, 27, 8, 2, 42, 17, 15, 3, 46, 15, 21, 12, 48, 0, 14, 0, 39, 26, 12, 2, 37, 0, 12, 12, 28, 28, 18, 20, 56
'MT259287.1:21389..25210', 38, 34, 23, 54, 40, 10, 3, 44, 20, 5, 10, 17, 18, 14, 14, 44, 46, 4, 16, 13, 25, 4, 0, 29, 0, 1, 2, 9, 9, 12, 2, 37, 34, 19, 14, 43, 27, 8, 2, 42, 17, 15, 3, 47, 15, 21, 13, 48, 0, 14, 0, 40, 26, 12, 2, 37, 0, 12, 12, 28, 28, 18, 20, 59
'MT259274.1:21447..25268', 38, 34, 23, 54, 40, 10, 3, 44, 20, 5, 10, 17, 18, 14, 14, 44, 46, 4, 16, 13, 25, 4, 0, 29, 0, 1, 2, 9, 9, 12, 3, 36, 34, 19, 14, 43, 27, 8, 2, 42, 17, 15, 3, 47, 15, 21, 13, 48, 0, 14, 0, 40, 26, 12, 2, 37, 0, 12, 12, 28, 28, 18, 20, 59
'MT259278.1:21557..25378', 38, 34, 23, 54, 40, 10, 3, 44, 20, 5, 10, 17, 18, 14, 14, 44, 46, 4, 16, 13, 25, 4, 0, 29, 0, 1, 2, 9, 9, 12, 3, 36, 34, 19, 14, 42, 27, 8, 2, 42, 17, 15, 3, 48, 15, 21, 13, 48, 0, 14, 0, 40, 26, 12, 2, 37, 0, 12, 12, 28, 28, 18, 20, 59
'MT259275.1:21532..25353', 38, 34, 23, 54, 40, 10, 3, 44, 20, 5, 10, 17, 18, 14, 14, 44, 46, 4, 16, 13, 25, 4, 0, 29, 0, 1, 2, 9, 9, 12, 3, 36, 34, 19, 14, 43, 27, 8, 2, 42, 17, 15, 3, 47, 15, 21, 13, 48, 0, 14, 0, 40, 26, 12, 2, 37, 0, 12, 12, 28, 28, 18, 20, 59
'MT259277.1:21544..25365', 38, 34, 23, 54, 40, 10, 3, 44, 20, 5, 10, 17, 17, 14, 14, 44, 46, 4, 16, 12, 25, 4, 0, 29, 0, 1, 2, 9, 9, 12, 3, 36, 34, 19, 14, 42, 27, 8, 2, 41, 17, 15, 3, 48, 15, 21, 13, 48, 0, 14, 0, 40, 26, 12, 2, 37, 0, 12, 12, 28, 28, 17, 20, 59
'MT259285.1:21498..25319', 38, 34, 23, 54, 40, 10, 3, 44, 20, 5, 10, 17, 18, 14, 14, 44, 46, 4, 16, 13, 25, 4, 0, 29, 0, 1, 2, 9, 9, 12, 3, 36, 34, 19, 14, 43, 27, 8, 2, 42, 17, 15, 3, 47, 15, 21, 13, 48, 0, 14, 0, 40, 26, 12, 2, 37, 0, 12, 12, 28, 28, 18, 20, 59
'MT259286.1:21537..25358', 38, 34, 23, 54, 40, 10, 3, 44, 20, 5, 10, 17, 18, 14, 14, 44, 46, 4, 16, 13, 25, 4, 0, 29, 0, 1, 2, 9, 9, 12, 3, 36, 34, 19, 14, 42, 27, 8, 2, 42, 17, 15, 3, 48, 15, 21, 13, 48, 0, 14, 0, 40, 26, 12, 2, 37, 0, 12, 12, 28, 28, 18, 20, 59
'MT259267.1:21538..25359', 38, 34, 23, 54, 40, 10, 3, 44, 20, 5, 10, 17, 18, 14, 14, 44, 46, 4, 16, 13, 25, 4, 0, 29, 0, 1, 2, 9, 9, 12, 3, 36, 34, 19, 14, 43, 27, 8, 2, 42, 17, 15, 3, 47, 15, 21, 13, 48, 0, 14, 0, 40, 26, 12, 2, 37, 0, 12, 12, 28, 28, 18, 20, 59
'MT258381.1:21559..25380', 38, 34, 23, 54, 40, 10, 3, 44, 20, 5, 10, 17, 18, 14, 14, 44, 46, 4, 16, 13, 25, 4, 0, 29, 0, 1, 2, 9, 9, 12, 3, 36, 34, 19, 14, 42, 27, 8, 2, 42, 17, 15, 3, 47, 15, 21, 13, 48, 0, 14, 0, 40, 26, 12, 2, 37, 0, 12, 12, 28, 28, 18, 20, 59
'MT258382.1:21545..25366', 38, 34, 23, 54, 40, 10, 3, 44, 20, 5, 10, 17, 18, 14, 14, 44, 46, 4, 16, 13, 25, 4, 0, 29, 0, 1, 2, 9, 9, 12, 3, 36, 34, 19, 14, 41, 27, 8, 2, 42, 17, 15, 3, 48, 15, 21, 13, 48, 0, 14, 0, 40, 26, 12, 2, 37, 0, 12, 12, 28, 28, 18, 20, 59
'MT258383.1:21547..25368', 38, 34, 23, 54, 40, 10, 3, 44, 20, 5, 10, 17, 18, 14, 14, 44, 46, 4, 16, 13, 25, 4, 0, 29, 0, 1, 2, 9, 9, 12, 3, 36, 34, 19, 14, 42, 27, 8, 2, 42, 17, 15, 3, 48, 15, 21, 13, 48, 0, 14, 0, 40, 26, 12, 2, 37, 0, 12, 12, 28, 28, 18, 20, 59
'MT258378.1:21552..25373', 38, 34, 23, 54, 40, 10, 3, 44, 20, 5, 10, 17, 18, 14, 14, 44, 46, 4, 16, 13, 25, 4, 0, 29, 0, 1, 2, 9, 9, 12, 3, 36, 34, 19, 14, 42, 27, 8, 2, 42, 17, 15, 3, 48, 15, 21, 13, 48, 0, 14, 0, 40, 26, 12, 2, 37, 0, 12, 12, 28, 28, 18, 20, 59
'MT259241.1:21342..25163', 38, 34, 23, 54, 40, 10, 3, 44, 20, 5, 10, 17, 18, 14, 14, 44, 46, 4, 16, 13, 25, 4, 0, 29, 0, 1, 2, 9, 9, 12, 3, 36, 34, 19, 14, 43, 27, 8, 2, 42, 17, 15, 3, 47, 15, 21, 13, 48, 0, 14, 0, 40, 26, 12, 2, 37, 0, 12, 12, 28, 28, 18, 20, 59
'MT258379.1:21552..25373', 38, 34, 23, 54, 40, 10, 3, 44, 20, 5, 10, 17, 18, 14, 14, 44, 46, 4, 16, 13, 25, 4, 0, 29, 0, 1, 2, 9, 9, 12, 3, 36, 34, 19, 14, 42, 27, 8, 2, 42, 17, 15, 3, 48, 15, 21, 13, 48, 0, 14, 0, 40, 26, 12, 2, 37, 0, 12, 12, 28, 28, 18, 20, 59
'MT259247.1:21306..25127', 38, 34, 23, 54, 40, 10, 3, 44, 20, 5, 10, 17, 18, 14, 14, 44, 46, 4, 16, 13, 24, 4, 1, 29, 0, 1, 2, 9, 9, 12, 3, 36, 34, 19, 14, 43, 27, 8, 2, 42, 17, 15, 3, 47, 15, 21, 13, 48, 0, 14, 0, 40, 26, 12, 2, 37, 0, 12, 12, 28, 28, 18, 20, 59
'MT259248.1:21539..25360', 38, 34, 23, 54, 40, 10, 3, 44, 20, 5, 10, 17, 18, 14, 14, 44, 46, 4, 16, 13, 25, 4, 0, 29, 0, 1, 2, 9, 9, 12, 3, 36, 34, 19, 14, 42, 27, 8, 2, 42, 17, 15, 3, 48, 15, 21, 13, 48, 0, 14, 0, 40, 26, 12, 2, 37, 0, 12, 12, 28, 28, 18, 20, 59
'MT259226.1:21549..25370', 38, 34, 23, 54, 40, 10, 3, 44, 20, 5, 10, 17, 18, 14, 14, 44, 46, 4, 16, 13, 25, 4, 0, 29, 0, 1, 2, 9, 9, 12, 3, 36, 34, 19, 14, 43, 27, 8, 2, 42, 17, 15, 3, 47, 15, 21, 13, 48, 0, 14, 0, 40, 26, 12, 2, 37, 0, 12, 12, 28, 28, 18, 20, 59
'MT259227.1:21549..25370', 38, 34, 23, 54, 40, 10, 3, 44, 20, 5, 10, 17, 18, 13, 14, 45, 46, 4, 16, 13, 25, 4, 0, 29, 0, 1, 2, 9, 9, 12, 3, 36, 34, 19, 14, 43, 27, 8, 2, 42, 17, 15, 3, 47, 15, 21, 13, 48, 0, 14, 0, 40, 26, 12, 2, 37, 0, 12, 12, 28, 28, 18, 20, 59
'MT259228.1:21549..25370', 38, 34, 23, 54, 40, 10, 3, 44, 20, 5, 10, 17, 18, 14, 14, 44, 46, 4, 16, 13, 25, 4, 0, 29, 0, 1, 2, 9, 9, 12, 3, 36, 34, 19, 14, 43, 27, 8, 2, 42, 17, 15, 3, 47, 15, 21, 13, 48, 0, 14, 0, 40, 26, 12, 2, 37, 0, 12, 12, 28, 28, 18, 20, 59
'MT259229.1:21549..25370', 38, 34, 23, 54, 40, 10, 3, 44, 20, 5, 10, 17, 18, 14, 14, 44, 46, 4, 16, 13, 25, 4, 0, 29, 0, 1, 2, 9, 9, 12, 3, 36, 34, 19, 14, 43, 27, 8, 2, 42, 17, 15, 3, 47, 15, 21, 13, 48, 0, 14, 0, 40, 26, 12, 2, 37, 0, 12, 12, 28, 28, 18, 20, 59
'MT259230.1:21549..25370', 38, 34, 23, 54, 40, 10, 3, 44, 20, 5, 10, 17, 18, 14, 14, 44, 46, 4, 16, 13, 25, 4, 0, 29, 0, 1, 2, 9, 9, 12, 3, 36, 34, 19, 14, 43, 27, 8, 2, 42, 17, 15, 3, 47, 15, 21, 13, 48, 0, 14, 0, 40, 26, 12, 2, 37, 0, 12, 12, 28, 28, 18, 20, 59
'MT259231.1:21549..25370', 38, 34, 23, 54, 40, 10, 3, 44, 20, 5, 10, 17, 18, 14, 14, 44, 46, 4, 16, 13, 25, 4, 0, 29, 0, 1, 2, 9, 9, 12, 3, 36, 34, 19, 14, 43, 27, 8, 2, 42, 17, 15, 3, 47, 15, 21, 13, 48, 0, 14, 0, 40, 26, 12, 2, 37, 0, 12, 12, 28, 28, 18, 20, 59
'MT253704.1:21509..25330', 38, 34, 23, 54, 40, 10, 3, 44, 20, 5, 10, 17, 18, 14, 14, 44, 46, 4, 16, 13, 25, 4, 0, 29, 0, 1, 2, 9, 9, 12, 3, 36, 34, 19, 14, 43, 27, 8, 2, 42, 17, 15, 3, 47, 15, 21, 13, 48, 0, 14, 0, 40, 26, 12, 2, 37, 0, 12, 12, 28, 28, 18, 20, 59
'MT253705.1:21509..25330', 38, 34, 23, 54, 40, 10, 3, 44, 20, 5, 10, 17, 18, 14, 14, 44, 46, 4, 16, 13, 25, 4, 0, 29, 0, 1, 2, 9, 9, 12, 3, 36, 34, 19, 14, 43, 27, 8, 2, 42, 17, 15, 3, 47, 15, 21, 13, 48, 0, 14, 0, 40, 26, 12, 2, 37, 0, 12, 12, 28, 28, 18, 20, 59
'MT253707.1:21509..25330', 38, 34, 23, 54, 40, 10, 3, 44, 20, 5, 10, 17, 18, 14, 14, 44, 46, 4, 16, 13, 25, 4, 0, 29, 0, 1, 2, 9, 9, 12, 3, 36, 34, 19, 14, 43, 27, 8, 2, 42, 17, 15, 3, 47, 15, 21, 13, 48, 0, 14, 0, 40, 26, 12, 2, 37, 0, 12, 12, 28, 28, 18, 20, 59
'MT253706.1:21509..25330', 38, 34, 23, 54, 40, 10, 3, 44, 20, 5, 10, 17, 18, 14, 14, 44, 46, 4, 16, 13, 25, 4, 0, 29, 0, 1, 2, 9, 9, 12, 3, 36, 34, 19, 14, 43, 27, 8, 2, 42, 17, 15, 3, 47, 15, 21, 13, 48, 0, 14, 0, 40, 26, 12, 2, 37, 0, 12, 12, 28, 28, 18, 20, 59
'MT253708.1:21509..25330', 38, 34, 23, 54, 40, 10, 3, 44, 20, 5, 10, 17, 18, 14, 14, 44, 46, 4, 16, 13, 25, 4, 0, 29, 0, 1, 2, 9, 9, 12, 3, 36, 34, 19, 14, 43, 27, 8, 2, 42, 17, 15, 3, 47, 15, 21, 13, 48, 0, 14, 0, 40, 26, 12, 2, 37, 0, 12, 12, 28, 28, 18, 20, 59
'MT251972.1:21526..25347', 38, 34, 23, 54, 40, 10, 3, 44, 20, 5, 10, 17, 18, 14, 14, 44, 46, 4, 16, 13, 25, 4, 0, 29, 0, 1, 2, 9, 9, 12, 3, 36, 34, 19, 14, 43, 27, 8, 2, 42, 17, 15, 3, 47, 15, 21, 13, 48, 0, 14, 0, 40, 26, 12, 2, 37, 0, 12, 12, 28, 28, 18, 20, 59
'MT251973.1:21559..25380', 38, 34, 23, 54, 40, 10, 3, 44, 20, 5, 10, 17, 18, 14, 14, 44, 46, 4, 16, 13, 25, 4, 0, 29, 0, 1, 2, 9, 9, 12, 3, 36, 34, 19, 14, 42, 27, 8, 2, 42, 17, 15, 3, 48, 15, 21, 13, 48, 0, 14, 0, 40, 26, 12, 2, 37, 0, 12, 12, 28, 28, 18, 20, 59
'MT251974.1:21512..25333', 38, 34, 23, 54, 40, 10, 3, 44, 20, 5, 10, 17, 18, 14, 14, 44, 46, 4, 16, 13, 25, 4, 0, 29, 0, 1, 2, 9, 9, 12, 3, 36, 34, 19, 14, 42, 27, 8, 2, 42, 17, 15, 3, 48, 15, 21, 13, 48, 0, 14, 0, 40, 26, 12, 2, 37, 0, 12, 12, 28, 28, 18, 20, 59
'MT251975.1:21535..25356', 38, 34, 23, 54, 40, 10, 3, 44, 20, 5, 10, 17, 18, 14, 14, 44, 47, 4, 15, 13, 25, 4, 0, 29, 0, 1, 2, 9, 9, 12, 3, 36, 34, 19, 14, 43, 27, 8, 2, 42, 17, 15, 3, 47, 15, 21, 13, 48, 0, 14, 0, 40, 26, 12, 2, 37, 0, 12, 12, 28, 28, 18, 20, 59
'MT251976.1:21561..25382', 38, 34, 23, 54, 40, 10, 3, 44, 20, 5, 10, 17, 18, 14, 14, 44, 46, 4, 16, 13, 25, 4, 0, 29, 0, 1, 2, 9, 9, 12, 3, 36, 34, 19, 14, 42, 27, 8, 2, 42, 17, 15, 3, 48, 15, 21, 13, 48, 0, 14, 0, 40, 26, 12, 2, 37, 0, 12, 12, 28, 28, 18, 20, 59
'MT251977.1:21489..25310', 38, 34, 23, 54, 40, 10, 3, 44, 20, 5, 10, 17, 18, 14, 14, 44, 46, 4, 16, 13, 25, 4, 0, 29, 0, 1, 2, 9, 9, 12, 3, 36, 34, 19, 14, 43, 27, 8, 2, 42, 17, 15, 3, 47, 15, 21, 13, 48, 0, 14, 0, 40, 26, 12, 2, 37, 0, 12, 12, 28, 28, 18, 20, 59
'MT251978.1:21561..25382', 38, 34, 23, 54, 40, 10, 3, 44, 20, 5, 10, 17, 18, 14, 14, 44, 46, 4, 16, 13, 25, 4, 0, 29, 0, 1, 2, 9, 9, 12, 3, 36, 34, 19, 14, 43, 27, 8, 2, 42, 17, 15, 3, 47, 15, 21, 13, 48, 0, 14, 0, 40, 26, 12, 2, 37, 0, 12, 12, 28, 28, 18, 20, 59
'MT251979.1:21512..25333', 38, 34, 23, 54, 40, 10, 3, 44, 20, 5, 10, 17, 18, 14, 14, 44, 46, 4, 16, 13, 25, 4, 0, 29, 0, 1, 2, 9, 9, 12, 3, 36, 34, 19, 14, 42, 27, 8, 2, 42, 17, 15, 3, 48, 15, 21, 13, 48, 0, 14, 0, 40, 26, 12, 2, 37, 0, 12, 12, 28, 28, 18, 20, 59
'MT251980.1:21509..25330', 38, 34, 23, 54, 40, 10, 3, 44, 20, 5, 10, 17, 18, 14, 14, 44, 46, 4, 16, 13, 25, 4, 0, 29, 0, 1, 2, 9, 9, 12, 3, 36, 34, 19, 14, 43, 27, 8, 2, 42, 17, 15, 3, 47, 15, 21, 13, 48, 0, 14, 0, 40, 26, 12, 2, 37, 0, 12, 12, 28, 28, 18, 20, 59
'MT253696.1:21509..25330', 38, 34, 23, 54, 40, 10, 3, 44, 20, 5, 10, 17, 18, 14, 14, 44, 46, 4, 16, 13, 25, 4, 0, 29, 0, 1, 2, 9, 9, 12, 3, 36, 34, 19, 14, 43, 27, 8, 2, 42, 17, 15, 3, 47, 15, 21, 13, 48, 0, 14, 0, 40, 26, 12, 2, 37, 0, 12, 12, 28, 28, 18, 20, 59
'MT253697.1:21509..25330', 38, 34, 23, 54, 40, 10, 3, 44, 20, 5, 10, 17, 18, 14, 14, 44, 46, 4, 16, 13, 25, 4, 0, 29, 0, 1, 2, 9, 9, 12, 3, 36, 34, 19, 14, 43, 27, 8, 2, 42, 17, 15, 3, 47, 15, 21, 13, 48, 0, 14, 0, 40, 26, 12, 2, 37, 0, 12, 12, 28, 28, 18, 20, 59
'MT253698.1:21509..25330', 38, 34, 23, 54, 40, 10, 3, 44, 20, 5, 10, 17, 18, 14, 14, 44, 46, 4, 16, 13, 25, 4, 0, 29, 0, 1, 2, 9, 9, 12, 3, 36, 34, 19, 14, 43, 27, 8, 2, 42, 17, 15, 3, 47, 15, 21, 13, 48, 0, 14, 0, 40, 26, 12, 2, 37, 0, 12, 12, 28, 28, 18, 20, 59
'MT253699.1:21509..25330', 38, 34, 23, 54, 40, 10, 3, 44, 20, 5, 10, 17, 18, 14, 14, 44, 46, 4, 16, 13, 25, 4, 0, 29, 0, 1, 2, 9, 9, 12, 3, 36, 34, 19, 14, 43, 27, 8, 2, 42, 17, 15, 3, 47, 15, 21, 13, 48, 0, 14, 0, 40, 26, 12, 2, 37, 0, 12, 12, 28, 28, 18, 20, 59
'MT253700.1:21509..25330', 38, 34, 23, 54, 40, 10, 3, 44, 20, 5, 10, 17, 18, 14, 14, 44, 46, 4, 16, 13, 25, 4, 0, 29, 0, 1, 2, 9, 9, 12, 3, 36, 34, 19, 14, 43, 27, 8, 2, 42, 17, 15, 3, 47, 15, 21, 13, 48, 0, 14, 0, 40, 26, 12, 2, 37, 0, 12, 12, 28, 28, 18, 20, 59
'MT253701.1:21509..25330', 38, 34, 23, 54, 40, 10, 3, 44, 20, 5, 10, 17, 18, 14, 14, 44, 46, 4, 16, 13, 25, 4, 0, 29, 0, 1, 2, 9, 9, 12, 3, 36, 34, 19, 14, 43, 27, 8, 2, 42, 17, 15, 3, 47, 15, 21, 13, 48, 0, 14, 0, 40, 26, 12, 2, 37, 0, 12, 12, 28, 28, 18, 20, 59
'MT253702.1:21509..25330', 38, 34, 23, 54, 40, 10, 3, 44, 20, 5, 10, 17, 18, 14, 14, 44, 46, 4, 16, 13, 25, 4, 0, 29, 0, 1, 2, 9, 9, 12, 3, 36, 34, 19, 14, 43, 27, 8, 2, 42, 17, 15, 3, 47, 15, 21, 13, 48, 0, 14, 0, 40, 26, 12, 2, 37, 0, 12, 12, 28, 28, 18, 20, 59
'MT253703.1:21509..25330', 38, 34, 23, 54, 40, 10, 3, 44, 20, 5, 10, 17, 18, 14, 14, 44, 46, 4, 16, 13, 25, 4, 0, 29, 0, 1, 2, 9, 9, 12, 3, 36, 34, 19, 14, 43, 27, 8, 2, 42, 17, 15, 3, 47, 15, 21, 13, 48, 0, 14, 0, 40, 26, 12, 2, 37, 0, 12, 12, 28, 28, 18, 20, 59
'MT253709.1:21509..25330', 38, 34, 23, 54, 40, 10, 3, 44, 20, 5, 10, 17, 18, 14, 14, 44, 46, 4, 16, 13, 25, 4, 0, 29, 0, 1, 2, 9, 9, 12, 3, 36, 34, 19, 14, 43, 27, 8, 2, 42, 17, 15, 3, 47, 15, 21, 13, 48, 0, 14, 0, 40, 26, 12, 2, 37, 0, 12, 12, 28, 28, 18, 20, 59
'MT253710.1:21509..25330', 38, 34, 23, 54, 40, 10, 3, 44, 20, 5, 10, 17, 18, 14, 14, 44, 46, 4, 16, 13, 25, 4, 0, 29, 0, 1, 2, 9, 9, 12, 3, 36, 34, 19, 14, 43, 27, 8, 2, 42, 17, 15, 3, 47, 15, 21, 13, 48, 0, 14, 0, 40, 26, 12, 2, 37, 0, 12, 12, 28, 28, 18, 20, 59
'MT246474.1:21553..25374', 38, 34, 23, 54, 40, 10, 3, 44, 20, 5, 10, 17, 18, 14, 14, 44, 46, 4, 16, 13, 25, 4, 0, 29, 0, 1, 2, 9, 9, 12, 3, 36, 34, 19, 14, 43, 27, 8, 2, 42, 17, 15, 3, 47, 15, 21, 13, 48, 0, 14, 0, 40, 26, 12, 2, 37, 0, 12, 12, 28, 28, 18, 20, 59
'MT246475.1:21543..25364', 38, 34, 23, 54, 40, 10, 3, 44, 20, 5, 10, 17, 18, 14, 14, 44, 46, 4, 16, 13, 25, 4, 0, 29, 0, 1, 2, 9, 9, 12, 3, 36, 34, 19, 14, 43, 27, 8, 2, 42, 17, 15, 3, 47, 15, 21, 13, 48, 0, 14, 0, 40, 26, 12, 2, 37, 0, 12, 12, 28, 28, 18, 20, 59
'MT246450.1:21532..25353', 38, 34, 23, 54, 40, 10, 3, 44, 20, 5, 10, 17, 18, 14, 14, 44, 46, 4, 16, 13, 25, 4, 0, 29, 0, 1, 2, 9, 9, 12, 3, 36, 34, 19, 14, 42, 27, 8, 2, 42, 17, 15, 3, 48, 15, 21, 13, 48, 0, 14, 0, 40, 26, 12, 2, 37, 0, 12, 12, 28, 28, 18, 20, 59
'MT246469.1:21529..25350', 38, 34, 23, 54, 40, 10, 3, 44, 20, 5, 10, 17, 18, 14, 14, 44, 46, 4, 16, 13, 25, 4, 0, 29, 0, 1, 2, 9, 9, 12, 3, 36, 34, 19, 14, 43, 27, 8, 2, 42, 17, 15, 3, 47, 15, 21, 13, 48, 0, 14, 0, 40, 26, 12, 2, 37, 0, 12, 12, 28, 28, 18, 20, 59
'MT246470.1:21545..25366', 38, 34, 23, 54, 40, 10, 3, 44, 20, 5, 10, 17, 18, 14, 14, 44, 46, 4, 16, 13, 25, 4, 0, 29, 0, 1, 2, 9, 9, 12, 3, 36, 34, 19, 14, 42, 27, 8, 2, 42, 17, 15, 3, 48, 15, 21, 13, 48, 0, 14, 0, 40, 26, 12, 2, 37, 0, 12, 12, 28, 28, 18, 20, 59
'MT246471.1:21531..25352', 38, 34, 23, 54, 40, 10, 3, 44, 20, 5, 10, 17, 18, 14, 14, 44, 46, 4, 16, 13, 25, 4, 0, 29, 0, 1, 2, 9, 9, 12, 3, 36, 34, 19, 14, 43, 27, 8, 2, 42, 17, 15, 3, 47, 15, 21, 13, 48, 0, 14, 0, 40, 26, 12, 2, 37, 0, 12, 12, 28, 28, 18, 20, 59
'MT246472.1:21478..25299', 38, 34, 23, 54, 40, 10, 3, 44, 20, 5, 10, 17, 18, 14, 14, 44, 46, 4, 16, 13, 25, 4, 0, 29, 0, 1, 2, 9, 9, 12, 3, 36, 34, 19, 14, 43, 27, 8, 2, 42, 17, 15, 3, 47, 15, 21, 13, 48, 0, 14, 0, 40, 26, 12, 2, 37, 0, 12, 12, 28, 28, 18, 20, 59
'MT246486.1:21531..25352', 38, 34, 23, 54, 40, 10, 3, 44, 20, 5, 10, 17, 18, 14, 14, 44, 46, 4, 16, 13, 25, 4, 0, 29, 0, 1, 2, 9, 9, 12, 3, 36, 34, 19, 14, 43, 27, 8, 2, 42, 17, 15, 3, 47, 15, 21, 13, 48, 0, 14, 0, 40, 26, 12, 2, 37, 0, 12, 12, 28, 28, 18, 20, 59
'MT246487.1:21547..25368', 38, 34, 23, 54, 40, 10, 3, 44, 20, 5, 10, 17, 18, 14, 14, 44, 46, 4, 16, 13, 25, 4, 0, 29, 0, 1, 2, 9, 9, 12, 3, 36, 34, 19, 14, 42, 27, 8, 2, 42, 17, 15, 3, 48, 15, 21, 13, 48, 0, 14, 0, 40, 26, 12, 2, 37, 0, 12, 12, 28, 28, 18, 20, 59
'MT246482.1:21506..25327', 38, 34, 22, 54, 40, 10, 3, 44, 20, 5, 10, 17, 18, 14, 14, 44, 46, 4, 16, 13, 25, 4, 0, 29, 0, 1, 2, 9, 9, 12, 3, 36, 34, 19, 14, 43, 27, 8, 2, 42, 17, 15, 3, 47, 15, 21, 13, 48, 0, 14, 0, 40, 26, 12, 2, 37, 0, 12, 12, 28, 28, 18, 20, 59
'MT246484.1:21531..25352', 38, 34, 23, 54, 40, 10, 3, 44, 20, 5, 10, 17, 18, 14, 14, 44, 46, 4, 16, 13, 25, 4, 0, 29, 0, 1, 2, 9, 9, 12, 3, 36, 34, 19, 14, 42, 27, 8, 2, 42, 17, 15, 3, 48, 15, 21, 13, 48, 0, 14, 0, 40, 26, 12, 2, 37, 0, 12, 12, 28, 28, 18, 20, 59
'MT246485.1:21435..25256', 38, 34, 23, 54, 40, 10, 3, 44, 20, 5, 10, 17, 18, 14, 14, 44, 46, 4, 16, 13, 25, 4, 0, 29, 0, 1, 2, 9, 9, 12, 3, 36, 34, 19, 14, 43, 27, 8, 2, 42, 17, 15, 3, 47, 15, 21, 13, 48, 0, 14, 0, 40, 26, 12, 2, 37, 0, 12, 12, 28, 28, 18, 20, 59
'MT246468.1:21503..25324', 38, 34, 23, 54, 40, 10, 3, 44, 20, 5, 10, 17, 18, 14, 14, 44, 46, 4, 16, 13, 25, 4, 0, 29, 0, 1, 2, 9, 9, 12, 3, 36, 34, 19, 14, 43, 27, 8, 2, 42, 17, 15, 3, 47, 15, 21, 13, 48, 0, 14, 0, 40, 26, 12, 2, 37, 0, 12, 12, 28, 28, 18, 20, 59
'MT246488.1:21536..25357', 38, 34, 23, 54, 40, 10, 3, 44, 20, 5, 10, 18, 18, 14, 14, 44, 46, 4, 16, 13, 25, 4, 0, 29, 0, 1, 2, 9, 9, 12, 3, 35, 34, 19, 14, 43, 27, 8, 2, 42, 17, 15, 3, 46, 15, 21, 13, 48, 0, 14, 0, 40, 26, 12, 2, 37, 0, 12, 12, 28, 28, 18, 20, 60
'MT246489.1:21513..25334', 38, 34, 23, 54, 40, 10, 3, 44, 20, 5, 10, 17, 18, 14, 14, 44, 47, 4, 15, 13, 25, 4, 0, 29, 0, 1, 2, 9, 9, 12, 3, 36, 34, 19, 14, 43, 27, 8, 2, 42, 17, 15, 3, 47, 15, 21, 13, 48, 0, 14, 0, 40, 26, 12, 2, 37, 0, 12, 12, 28, 28, 18, 20, 59
'MT246490.1:21507..25328', 38, 34, 23, 54, 40, 10, 3, 44, 20, 5, 10, 17, 18, 14, 14, 44, 46, 4, 16, 13, 25, 4, 0, 29, 0, 1, 2, 9, 9, 12, 3, 36, 34, 19, 14, 42, 27, 8, 2, 42, 17, 15, 3, 48, 15, 21, 13, 48, 0, 14, 0, 40, 26, 12, 2, 37, 0, 12, 12, 28, 28, 18, 20, 59
'MT246667.1:21559..25380', 38, 34, 23, 54, 40, 10, 3, 44, 20, 5, 10, 17, 18, 14, 14, 44, 46, 4, 16, 13, 25, 4, 0, 29, 0, 1, 2, 9, 9, 12, 3, 36, 34, 19, 14, 43, 27, 8, 2, 42, 17, 15, 3, 47, 15, 21, 13, 48, 0, 14, 0, 40, 26, 12, 2, 37, 0, 12, 12, 28, 28, 18, 20, 59
'MT246459.1:21557..25378', 38, 34, 23, 54, 40, 10, 3, 44, 20, 5, 10, 17, 18, 14, 14, 44, 46, 4, 16, 13, 25, 4, 0, 29, 0, 1, 2, 9, 9, 12, 3, 36, 34, 19, 14, 43, 27, 8, 2, 42, 17, 15, 3, 47, 15, 21, 13, 48, 0, 14, 0, 40, 26, 12, 2, 37, 0, 12, 12, 28, 28, 18, 20, 59
'MT246460.1:21563..25384', 38, 34, 23, 54, 40, 10, 3, 44, 20, 5, 10, 17, 18, 14, 14, 44, 46, 4, 16, 13, 25, 4, 0, 29, 0, 1, 2, 9, 9, 12, 3, 36, 34, 19, 14, 42, 27, 8, 2, 42, 17, 15, 3, 48, 15, 21, 13, 48, 0, 14, 0, 40, 26, 12, 2, 37, 0, 12, 12, 28, 28, 18, 20, 59
'MT246478.1:21550..25371', 38, 34, 23, 54, 40, 10, 3, 44, 20, 5, 10, 17, 18, 14, 14, 44, 47, 4, 15, 13, 25, 4, 0, 29, 0, 1, 2, 9, 9, 12, 3, 36, 34, 19, 14, 43, 27, 8, 2, 42, 17, 15, 3, 47, 15, 21, 13, 48, 0, 14, 0, 40, 26, 12, 2, 37, 0, 12, 12, 28, 28, 18, 20, 59
'MT246480.1:21562..25383', 38, 34, 23, 54, 40, 10, 3, 44, 20, 5, 10, 17, 18, 14, 14, 44, 46, 4, 16, 13, 25, 4, 0, 29, 0, 1, 2, 9, 9, 12, 3, 36, 34, 19, 14, 42, 27, 8, 2, 42, 17, 15, 3, 48, 15, 21, 13, 48, 0, 14, 0, 40, 26, 12, 2, 37, 0, 12, 12, 28, 28, 18, 20, 59
'MT246457.1:21504..25325', 38, 34, 23, 54, 40, 10, 3, 44, 20, 5, 10, 17, 18, 14, 14, 44, 46, 4, 16, 13, 25, 4, 0, 29, 0, 1, 2, 9, 9, 12, 3, 36, 34, 19, 14, 43, 27, 8, 2, 42, 17, 15, 3, 47, 15, 21, 13, 48, 0, 14, 0, 40, 26, 12, 2, 37, 0, 12, 12, 28, 28, 18, 20, 59
'MT233526.1:21545..25366', 38, 34, 23, 54, 40, 10, 3, 44, 20, 5, 10, 17, 18, 14, 14, 44, 46, 4, 16, 13, 25, 4, 0, 29, 0, 1, 2, 9, 9, 12, 3, 36, 34, 19, 14, 43, 27, 8, 2, 42, 17, 15, 3, 47, 15, 21, 13, 48, 0, 14, 0, 40, 26, 12, 2, 37, 0, 12, 12, 28, 28, 18, 20, 59
'MT246449.1:21489..25310', 38, 34, 23, 54, 40, 10, 3, 44, 20, 5, 10, 17, 18, 14, 14, 44, 46, 4, 16, 13, 25, 4, 0, 29, 0, 1, 2, 9, 9, 12, 3, 36, 34, 19, 14, 42, 27, 8, 2, 42, 17, 15, 3, 48, 15, 21, 13, 48, 0, 14, 0, 40, 26, 12, 2, 37, 0, 12, 12, 28, 28, 18, 20, 59
'MT246458.1:21437..25258', 38, 34, 23, 54, 40, 10, 3, 44, 20, 5, 10, 17, 18, 14, 14, 44, 46, 4, 16, 13, 25, 4, 0, 29, 0, 1, 2, 9, 9, 12, 3, 36, 34, 19, 14, 43, 27, 8, 2, 42, 17, 15, 3, 47, 15, 21, 13, 48, 0, 14, 0, 40, 26, 12, 2, 37, 0, 12, 12, 28, 28, 18, 20, 59
'MT246461.1:21531..25352', 38, 34, 23, 54, 40, 10, 3, 44, 20, 5, 10, 18, 18, 14, 14, 44, 46, 4, 16, 13, 25, 4, 0, 29, 0, 1, 2, 9, 9, 12, 3, 35, 34, 19, 14, 43, 27, 8, 2, 42, 17, 15, 3, 46, 15, 21, 13, 48, 0, 14, 0, 40, 26, 12, 2, 37, 0, 12, 12, 28, 28, 18, 20, 60
'MT246451.1:21518..25339', 38, 34, 23, 54, 40, 10, 3, 44, 20, 5, 10, 17, 18, 14, 14, 44, 46, 4, 16, 13, 25, 4, 0, 29, 0, 1, 2, 9, 9, 12, 3, 36, 34, 19, 14, 42, 27, 8, 2, 42, 17, 15, 3, 48, 15, 21, 13, 48, 0, 14, 0, 40, 26, 12, 2, 37, 0, 12, 12, 28, 28, 18, 20, 59
'MT246452.1:21556..25377', 38, 34, 23, 54, 40, 10, 3, 44, 20, 5, 10, 17, 18, 14, 14, 44, 46, 4, 16, 13, 25, 4, 0, 29, 0, 1, 2, 9, 9, 12, 3, 36, 34, 19, 14, 43, 27, 8, 2, 42, 17, 15, 3, 47, 15, 21, 13, 48, 0, 14, 0, 40, 26, 12, 2, 37, 0, 12, 12, 28, 28, 18, 20, 59
'MT246453.1:21489..25310', 38, 34, 23, 54, 40, 10, 3, 44, 20, 5, 10, 17, 18, 14, 14, 44, 46, 4, 16, 13, 25, 4, 0, 29, 0, 1, 2, 9, 9, 12, 3, 36, 34, 19, 14, 42, 27, 8, 2, 42, 17, 15, 3, 48, 15, 21, 13, 48, 0, 14, 0, 40, 26, 12, 2, 37, 0, 12, 12, 28, 28, 18, 20, 59
'MT246454.1:21554..25375', 38, 34, 23, 54, 40, 10, 3, 44, 20, 5, 10, 17, 18, 14, 14, 44, 46, 4, 16, 13, 25, 4, 0, 29, 0, 1, 2, 9, 9, 12, 3, 36, 34, 19, 14, 43, 27, 8, 2, 42, 17, 15, 3, 47, 15, 21, 13, 48, 0, 14, 0, 40, 26, 12, 2, 37, 0, 12, 12, 28, 28, 18, 20, 59
'MT246455.1:21518..25339', 38, 34, 23, 54, 40, 10, 3, 44, 20, 5, 10, 17, 18, 14, 14, 44, 46, 4, 16, 13, 25, 4, 0, 29, 0, 1, 2, 9, 9, 12, 3, 36, 34, 19, 14, 43, 27, 8, 2, 42, 17, 15, 3, 47, 15, 21, 13, 48, 0, 14, 0, 40, 26, 12, 2, 37, 0, 12, 12, 28, 28, 18, 20, 59
'MT246456.1:21506..25327', 38, 34, 23, 54, 40, 10, 3, 44, 20, 5, 10, 17, 18, 14, 14, 44, 46, 4, 16, 12, 25, 4, 0, 28, 0, 1, 2, 9, 9, 12, 3, 36, 34, 19, 14, 43, 26, 8, 2, 42, 17, 15, 3, 46, 15, 21, 13, 48, 0, 14, 0, 40, 26, 12, 2, 37, 0, 12, 12, 28, 28, 18, 20, 59
'MT246476.1:21524..25345', 38, 34, 23, 54, 40, 10, 3, 44, 20, 5, 10, 17, 18, 14, 14, 44, 46, 4, 16, 13, 25, 4, 0, 29, 0, 1, 2, 9, 9, 12, 3, 36, 34, 19, 14, 43, 27, 8, 2, 42, 17, 15, 3, 47, 15, 21, 13, 48, 0, 14, 0, 40, 26, 12, 2, 37, 0, 12, 12, 28, 28, 18, 20, 59
'MT246477.1:21532..25353', 38, 34, 23, 54, 40, 10, 3, 44, 20, 5, 10, 17, 18, 14, 14, 44, 46, 4, 16, 13, 25, 4, 0, 29, 0, 1, 2, 9, 9, 12, 3, 36, 34, 19, 14, 43, 27, 8, 2, 42, 17, 15, 3, 47, 15, 21, 13, 48, 0, 14, 0, 40, 26, 12, 2, 37, 0, 12, 12, 28, 28, 18, 20, 59
'MT246479.1:21489..25310', 38, 34, 23, 54, 40, 10, 3, 44, 20, 5, 10, 17, 18, 14, 14, 44, 46, 4, 16, 13, 25, 4, 0, 29, 0, 1, 2, 9, 9, 12, 3, 36, 34, 19, 14, 43, 27, 8, 2, 42, 17, 15, 3, 47, 15, 21, 13, 48, 0, 14, 0, 40, 26, 12, 2, 37, 0, 12, 12, 28, 28, 18, 20, 59
'MT246481.1:21531..25352', 38, 34, 23, 54, 40, 10, 3, 44, 20, 5, 10, 17, 18, 14, 14, 44, 46, 4, 16, 13, 25, 4, 0, 29, 0, 1, 2, 9, 9, 12, 3, 36, 34, 19, 14, 42, 27, 8, 2, 42, 17, 15, 3, 48, 15, 21, 13, 48, 0, 14, 0, 40, 26, 12, 2, 37, 0, 12, 12, 28, 28, 18, 20, 59
'MT246463.1:21437..25258', 37, 34, 23, 53, 39, 10, 3, 44, 20, 5, 10, 17, 17, 14, 14, 42, 45, 4, 16, 13, 22, 4, 0, 29, 0, 1, 2, 9, 9, 12, 3, 36, 34, 19, 14, 43, 27, 8, 2, 42, 17, 15, 3, 46, 15, 21, 13, 48, 0, 13, 0, 40, 25, 12, 2, 37, 0, 12, 12, 28, 27, 18, 20, 57
'MT246464.1:21512..25333', 38, 34, 23, 54, 40, 10, 3, 44, 20, 5, 10, 17, 18, 14, 14, 44, 46, 4, 16, 13, 25, 4, 0, 29, 0, 1, 2, 9, 9, 12, 3, 36, 34, 19, 14, 43, 27, 8, 2, 42, 17, 15, 3, 47, 15, 21, 13, 48, 0, 14, 0, 40, 26, 12, 2, 37, 0, 12, 12, 28, 28, 18, 20, 59
'MT246466.1:21557..25378', 38, 34, 23, 54, 40, 10, 3, 44, 20, 5, 10, 17, 18, 14, 14, 44, 46, 4, 16, 13, 25, 4, 0, 29, 0, 1, 2, 9, 9, 12, 3, 36, 34, 19, 14, 43, 27, 8, 2, 42, 17, 15, 3, 47, 15, 21, 13, 48, 0, 14, 0, 40, 26, 12, 2, 37, 0, 12, 12, 28, 28, 18, 20, 59
'MT246467.1:21560..25381', 38, 34, 23, 54, 40, 10, 3, 44, 20, 5, 10, 17, 18, 14, 14, 44, 46, 4, 16, 13, 25, 4, 0, 29, 0, 1, 2, 9, 9, 12, 3, 36, 34, 19, 14, 42, 27, 8, 2, 42, 17, 15, 3, 48, 15, 21, 13, 48, 0, 14, 0, 40, 26, 12, 2, 37, 0, 12, 12, 28, 28, 18, 20, 59
'MT246473.1:21486..25307', 38, 34, 23, 54, 40, 10, 3, 44, 20, 5, 10, 17, 18, 14, 14, 44, 46, 4, 16, 13, 25, 4, 0, 29, 0, 1, 2, 9, 9, 12, 3, 36, 34, 19, 14, 43, 27, 8, 2, 42, 17, 15, 3, 47, 15, 21, 13, 48, 0, 14, 0, 40, 26, 12, 2, 37, 0, 12, 12, 28, 28, 18, 20, 59
'MT246462.1:21563..25384', 38, 34, 23, 54, 40, 10, 3, 44, 20, 5, 10, 17, 18, 14, 14, 44, 46, 4, 16, 13, 25, 4, 0, 29, 0, 1, 2, 9, 9, 12, 3, 36, 34, 19, 14, 43, 27, 8, 2, 42, 17, 15, 3, 47, 15, 21, 13, 48, 0, 14, 0, 40, 26, 12, 2, 37, 0, 12, 12, 28, 28, 18, 20, 59
'MT240479.1:21527..25348', 38, 34, 23, 54, 40, 10, 3, 44, 20, 5, 10, 17, 18, 14, 14, 44, 46, 4, 16, 13, 25, 4, 0, 29, 0, 1, 2, 9, 9, 12, 3, 36, 34, 19, 14, 43, 27, 8, 2, 42, 17, 15, 3, 47, 15, 21, 13, 48, 0, 14, 0, 40, 26, 12, 2, 37, 0, 12, 12, 28, 28, 18, 20, 59
'MT233522.1:21509..25330', 37, 34, 21, 51, 39, 10, 3, 42, 17, 4, 9, 17, 18, 14, 14, 43, 44, 4, 15, 12, 25, 3, 0, 25, 0, 1, 2, 9, 9, 12, 2, 33, 34, 19, 13, 41, 25, 7, 2, 42, 17, 15, 3, 45, 12, 21, 13, 47, 0, 12, 0, 40, 26, 12, 2, 36, 0, 12, 12, 27, 27, 17, 19, 57
'MT233519.1:21509..25330', 38, 34, 23, 54, 40, 10, 3, 44, 20, 5, 10, 17, 18, 14, 14, 44, 46, 4, 16, 13, 25, 4, 0, 29, 0, 1, 2, 9, 9, 12, 3, 36, 34, 19, 14, 43, 27, 8, 2, 42, 17, 15, 3, 47, 15, 21, 13, 48, 0, 14, 0, 40, 26, 12, 2, 37, 0, 12, 12, 28, 28, 18, 20, 59
'MT233523.1:21509..25330', 38, 34, 23, 54, 40, 10, 3, 44, 20, 5, 10, 17, 18, 14, 14, 44, 46, 4, 16, 13, 25, 4, 0, 29, 0, 1, 2, 9, 9, 12, 3, 36, 34, 19, 14, 43, 27, 8, 2, 42, 17, 15, 3, 47, 15, 21, 13, 48, 0, 14, 0, 40, 26, 12, 2, 37, 0, 12, 12, 28, 28, 18, 20, 59
'MT226610.1:21563..25384', 39, 34, 23, 53, 40, 10, 3, 44, 20, 5, 10, 17, 18, 14, 14, 44, 46, 4, 16, 13, 25, 4, 0, 29, 0, 1, 2, 9, 9, 12, 3, 36, 34, 19, 14, 43, 27, 8, 2, 42, 17, 15, 3, 47, 15, 21, 13, 48, 0, 14, 0, 40, 26, 12, 2, 37, 0, 12, 12, 28, 28, 18, 20, 59
'MT198652.2:21509..25330', 38, 34, 23, 54, 40, 10, 3, 44, 20, 5, 10, 17, 18, 14, 14, 44, 46, 4, 16, 13, 25, 4, 0, 29, 0, 1, 2, 9, 9, 12, 3, 36, 34, 19, 14, 43, 27, 8, 2, 42, 17, 15, 3, 47, 15, 21, 13, 48, 0, 14, 0, 40, 26, 12, 2, 37, 0, 12, 12, 28, 28, 18, 20, 59
'MT192759.1:21536..25357', 38, 34, 23, 54, 40, 10, 3, 44, 20, 5, 10, 17, 18, 14, 14, 44, 46, 4, 16, 13, 25, 4, 0, 29, 0, 1, 2, 9, 9, 12, 3, 36, 34, 19, 14, 43, 27, 8, 2, 42, 17, 15, 3, 47, 15, 21, 13, 48, 0, 14, 0, 40, 26, 12, 2, 37, 0, 12, 12, 28, 28, 18, 20, 59
'MT192765.1:21556..25377', 38, 34, 23, 54, 40, 10, 3, 44, 20, 5, 10, 17, 18, 14, 14, 44, 46, 4, 16, 13, 25, 4, 0, 29, 0, 1, 2, 9, 9, 12, 3, 36, 34, 19, 14, 42, 27, 8, 2, 42, 17, 15, 3, 48, 15, 21, 13, 48, 0, 14, 0, 40, 26, 12, 2, 37, 0, 12, 12, 28, 28, 18, 20, 59
'MT192773.1:21562..25383', 38, 34, 23, 54, 40, 10, 3, 44, 20, 5, 10, 17, 18, 14, 14, 44, 46, 4, 16, 13, 25, 4, 0, 29, 0, 1, 2, 9, 9, 12, 3, 36, 34, 19, 14, 43, 27, 8, 2, 42, 17, 15, 3, 47, 15, 21, 13, 48, 0, 14, 0, 40, 26, 12, 2, 37, 0, 12, 12, 28, 28, 18, 20, 59
'MT192772.1:21563..25384', 38, 34, 23, 54, 40, 10, 3, 44, 20, 5, 10, 17, 18, 14, 14, 44, 46, 4, 16, 13, 25, 4, 0, 29, 0, 1, 2, 9, 9, 12, 3, 36, 34, 19, 14, 43, 27, 8, 2, 42, 17, 15, 3, 47, 15, 21, 13, 48, 0, 14, 0, 40, 26, 12, 2, 37, 0, 12, 12, 28, 28, 18, 20, 59
'MT188340.1:21509..25330', 38, 34, 23, 54, 40, 10, 3, 44, 20, 5, 10, 17, 18, 14, 14, 44, 46, 4, 16, 13, 25, 4, 0, 29, 0, 1, 2, 9, 9, 12, 3, 36, 34, 19, 14, 43, 27, 8, 2, 42, 17, 15, 3, 47, 15, 21, 13, 48, 0, 14, 0, 40, 26, 12, 2, 37, 0, 12, 12, 28, 28, 18, 20, 59
'MT188339.1:21509..25330', 38, 34, 23, 54, 40, 10, 3, 44, 20, 5, 10, 17, 18, 14, 14, 44, 46, 4, 16, 13, 25, 4, 0, 29, 0, 1, 2, 9, 9, 12, 3, 36, 34, 18, 14, 44, 27, 8, 2, 42, 17, 15, 3, 47, 15, 21, 13, 48, 0, 14, 0, 40, 26, 12, 2, 37, 0, 12, 12, 28, 28, 18, 20, 59
'MT188341.1:21512..25333', 38, 34, 23, 54, 40, 10, 3, 44, 20, 5, 10, 17, 18, 14, 14, 44, 46, 4, 16, 13, 25, 4, 0, 29, 0, 1, 2, 9, 9, 12, 3, 36, 34, 19, 14, 43, 27, 8, 2, 42, 17, 15, 3, 47, 15, 21, 13, 48, 0, 14, 0, 40, 26, 12, 2, 37, 0, 12, 12, 28, 28, 17, 20, 60
'MT184911.1:21563..25384', 38, 34, 23, 54, 40, 10, 3, 44, 20, 5, 10, 17, 18, 14, 14, 44, 46, 4, 16, 13, 25, 4, 0, 29, 0, 1, 2, 9, 9, 12, 3, 36, 34, 19, 14, 43, 27, 8, 2, 42, 17, 15, 3, 47, 15, 21, 13, 48, 0, 14, 0, 40, 26, 12, 2, 37, 0, 12, 12, 28, 28, 18, 20, 59
'MT184913.1:21563..25384', 38, 34, 23, 54, 40, 10, 3, 44, 20, 5, 10, 17, 18, 14, 14, 44, 46, 4, 16, 13, 25, 4, 0, 29, 0, 1, 2, 9, 9, 12, 3, 36, 34, 19, 14, 43, 27, 8, 2, 42, 17, 15, 3, 47, 15, 21, 13, 48, 0, 14, 0, 40, 26, 12, 2, 37, 0, 12, 12, 28, 28, 18, 20, 59
'MT184910.1:21563..25384', 38, 34, 23, 54, 40, 10, 3, 44, 20, 5, 10, 17, 18, 14, 14, 44, 46, 4, 16, 13, 25, 4, 0, 29, 0, 1, 2, 9, 9, 12, 3, 36, 34, 19, 14, 43, 27, 8, 2, 42, 16, 15, 3, 47, 16, 21, 13, 48, 0, 14, 0, 40, 26, 12, 2, 37, 0, 12, 12, 28, 28, 18, 20, 59
'MT184907.1:21563..25384', 38, 34, 23, 54, 40, 10, 3, 44, 20, 5, 10, 17, 18, 14, 14, 44, 46, 4, 16, 13, 25, 4, 0, 29, 0, 1, 2, 9, 9, 12, 3, 36, 34, 19, 14, 43, 27, 8, 2, 42, 17, 15, 3, 47, 15, 21, 13, 48, 0, 14, 0, 40, 26, 12, 2, 37, 0, 12, 12, 28, 28, 18, 20, 59
'MT184912.1:21563..25384', 38, 34, 23, 54, 40, 10, 3, 44, 20, 5, 10, 17, 18, 14, 14, 44, 46, 4, 16, 13, 25, 4, 0, 29, 0, 1, 2, 9, 9, 12, 3, 36, 34, 19, 14, 43, 27, 8, 2, 42, 17, 15, 3, 47, 15, 21, 13, 48, 0, 14, 0, 40, 26, 12, 2, 37, 0, 12, 12, 28, 28, 18, 20, 59
'MT184908.1:21563..25384', 38, 34, 23, 54, 40, 10, 3, 44, 20, 5, 10, 17, 18, 14, 14, 44, 46, 4, 16, 13, 25, 4, 0, 29, 0, 1, 2, 9, 9, 12, 3, 36, 34, 19, 14, 43, 27, 8, 2, 42, 17, 15, 3, 47, 15, 21, 13, 48, 0, 14, 0, 40, 26, 12, 2, 37, 0, 12, 12, 28, 28, 18, 20, 59
'MT184909.1:21563..25384', 38, 34, 23, 54, 40, 10, 3, 44, 20, 5, 10, 17, 18, 14, 14, 44, 46, 4, 16, 13, 25, 4, 0, 29, 0, 1, 2, 9, 9, 12, 3, 36, 34, 19, 14, 43, 27, 8, 2, 42, 17, 15, 3, 47, 15, 21, 13, 48, 0, 14, 0, 40, 26, 12, 2, 37, 0, 12, 12, 28, 28, 18, 20, 59
'MT163719.1:21563..25384', 38, 34, 23, 54, 40, 10, 3, 44, 20, 5, 10, 17, 18, 14, 14, 44, 46, 4, 16, 13, 25, 4, 0, 29, 0, 1, 2, 9, 9, 12, 3, 36, 34, 19, 14, 43, 27, 8, 2, 42, 17, 15, 3, 47, 15, 21, 13, 48, 0, 14, 0, 40, 26, 12, 2, 37, 0, 12, 12, 28, 28, 18, 20, 59
'MT163716.1:21563..25384', 38, 34, 23, 54, 40, 10, 3, 44, 20, 5, 10, 17, 18, 14, 14, 44, 46, 4, 16, 13, 25, 4, 0, 29, 0, 1, 2, 9, 9, 12, 3, 36, 34, 19, 14, 43, 27, 8, 2, 42, 17, 15, 3, 47, 15, 21, 13, 48, 0, 14, 0, 40, 26, 12, 2, 37, 0, 12, 12, 28, 28, 18, 20, 59
'MT163717.1:21557..25378', 38, 34, 23, 54, 40, 10, 3, 44, 20, 5, 10, 17, 18, 14, 14, 44, 46, 4, 16, 13, 25, 4, 0, 29, 0, 1, 2, 9, 9, 12, 3, 36, 34, 19, 14, 43, 27, 8, 2, 42, 17, 15, 3, 47, 15, 21, 13, 48, 0, 14, 0, 40, 26, 12, 2, 37, 0, 12, 12, 28, 28, 18, 20, 59
'MT163718.1:21563..25384', 38, 34, 23, 54, 40, 10, 3, 44, 20, 5, 10, 17, 18, 14, 14, 44, 46, 4, 16, 13, 25, 4, 0, 29, 0, 1, 2, 9, 9, 12, 3, 36, 34, 19, 14, 43, 27, 8, 2, 42, 17, 15, 3, 47, 15, 21, 13, 48, 0, 14, 0, 40, 26, 12, 2, 37, 0, 12, 12, 28, 28, 18, 20, 59
'MT121215.1:21563..25384', 38, 34, 23, 54, 40, 10, 3, 44, 20, 5, 10, 17, 18, 14, 14, 44, 46, 4, 16, 13, 25, 4, 0, 29, 0, 1, 2, 9, 9, 12, 3, 36, 34, 19, 14, 43, 27, 8, 2, 42, 17, 15, 3, 47, 15, 21, 13, 48, 0, 14, 0, 40, 26, 12, 2, 37, 0, 12, 12, 28, 28, 18, 20, 59
'MT159706.1:21563..25384', 38, 34, 23, 54, 40, 10, 3, 44, 20, 5, 10, 17, 18, 14, 14, 44, 46, 4, 16, 13, 25, 4, 0, 29, 0, 1, 2, 9, 9, 12, 3, 36, 34, 19, 14, 43, 27, 8, 2, 42, 17, 15, 3, 47, 15, 21, 13, 48, 0, 14, 0, 40, 26, 12, 2, 37, 0, 12, 12, 28, 28, 18, 20, 59
'MT159720.1:21563..25384', 38, 34, 23, 54, 40, 10, 3, 44, 20, 5, 10, 17, 18, 14, 14, 44, 46, 4, 16, 13, 25, 4, 0, 29, 0, 1, 2, 9, 9, 12, 3, 36, 34, 19, 14, 43, 27, 8, 2, 42, 17, 15, 3, 47, 15, 21, 13, 48, 0, 14, 0, 40, 26, 12, 2, 37, 0, 12, 12, 28, 28, 18, 20, 59
'MT159709.1:21563..25384', 38, 34, 23, 54, 40, 10, 3, 44, 20, 5, 10, 17, 18, 14, 14, 44, 46, 4, 16, 13, 25, 4, 0, 29, 0, 1, 2, 9, 9, 12, 3, 36, 34, 19, 14, 43, 27, 8, 2, 42, 17, 15, 3, 47, 15, 21, 13, 48, 0, 14, 0, 40, 26, 12, 2, 37, 0, 12, 12, 28, 28, 18, 20, 59
'MT159708.1:21563..25384', 38, 34, 23, 54, 40, 10, 3, 44, 20, 5, 10, 17, 18, 14, 14, 44, 46, 4, 16, 13, 25, 4, 0, 29, 0, 1, 2, 9, 9, 12, 3, 36, 34, 19, 14, 43, 27, 8, 2, 42, 17, 15, 3, 47, 15, 21, 13, 48, 0, 14, 0, 40, 26, 12, 2, 37, 0, 12, 12, 28, 28, 18, 20, 59
'MT159721.1:21563..25384', 38, 34, 23, 54, 40, 10, 3, 44, 20, 5, 10, 17, 18, 14, 14, 44, 46, 4, 16, 13, 25, 4, 0, 29, 0, 1, 2, 9, 9, 12, 3, 36, 34, 19, 14, 43, 27, 8, 2, 42, 17, 15, 3, 47, 15, 21, 13, 48, 0, 14, 0, 40, 26, 12, 2, 37, 0, 12, 12, 28, 28, 18, 20, 59
'MT066156.1:21563..25384', 38, 34, 23, 54, 40, 10, 3, 44, 20, 5, 10, 17, 18, 14, 14, 44, 46, 4, 16, 13, 25, 4, 0, 29, 0, 1, 2, 9, 9, 12, 3, 36, 34, 19, 14, 43, 27, 8, 2, 42, 17, 15, 3, 47, 15, 21, 13, 48, 0, 14, 0, 40, 26, 12, 2, 37, 0, 12, 12, 28, 28, 18, 20, 59
'MT159707.1:21563..25384', 38, 34, 23, 54, 40, 10, 3, 44, 20, 5, 10, 17, 18, 14, 14, 44, 46, 4, 16, 13, 25, 4, 0, 29, 0, 1, 2, 9, 9, 12, 3, 36, 34, 19, 14, 43, 27, 8, 2, 42, 17, 15, 3, 47, 15, 21, 13, 48, 0, 14, 0, 40, 26, 12, 2, 37, 0, 12, 12, 28, 28, 18, 20, 59
'MT159711.1:21563..25384', 38, 34, 23, 54, 40, 10, 3, 44, 20, 5, 10, 17, 18, 14, 14, 44, 46, 4, 16, 13, 25, 4, 0, 29, 0, 1, 2, 9, 9, 12, 3, 36, 34, 19, 14, 43, 27, 8, 2, 42, 17, 15, 3, 47, 15, 21, 13, 48, 0, 14, 0, 40, 26, 12, 2, 37, 0, 12, 12, 28, 28, 18, 20, 59
'MT159713.1:21563..25384', 38, 34, 23, 54, 40, 10, 3, 44, 20, 5, 10, 17, 18, 14, 14, 44, 46, 4, 16, 13, 25, 4, 0, 29, 0, 1, 2, 9, 9, 12, 3, 36, 34, 19, 14, 43, 27, 8, 2, 42, 17, 15, 3, 47, 15, 21, 13, 48, 0, 14, 0, 40, 26, 12, 2, 37, 0, 12, 12, 28, 28, 18, 20, 59
'MT159718.1:21563..25384', 38, 34, 23, 54, 40, 10, 3, 44, 20, 5, 10, 17, 18, 14, 14, 44, 46, 4, 16, 13, 25, 4, 0, 29, 0, 1, 2, 9, 9, 12, 3, 36, 34, 19, 14, 43, 27, 8, 2, 42, 17, 15, 3, 47, 15, 21, 13, 48, 0, 14, 0, 40, 26, 12, 2, 37, 0, 12, 12, 28, 28, 18, 20, 59
'MT159712.1:21563..25384', 38, 34, 23, 54, 40, 10, 3, 44, 20, 5, 10, 17, 18, 14, 14, 44, 46, 4, 16, 13, 25, 4, 0, 29, 0, 1, 2, 9, 9, 12, 3, 36, 34, 19, 14, 43, 27, 8, 2, 42, 17, 15, 3, 47, 15, 21, 13, 48, 0, 14, 0, 40, 26, 12, 2, 37, 0, 12, 12, 28, 28, 18, 20, 59
'MT159719.1:21563..25384', 38, 34, 23, 54, 40, 10, 3, 44, 20, 5, 10, 17, 18, 14, 14, 44, 46, 4, 16, 13, 25, 4, 0, 29, 0, 1, 2, 9, 9, 12, 3, 36, 34, 19, 14, 43, 27, 8, 2, 42, 17, 15, 3, 47, 15, 21, 13, 48, 0, 14, 0, 40, 26, 12, 2, 37, 0, 12, 12, 28, 28, 18, 20, 59
'MT159717.1:21563..25384', 38, 34, 23, 54, 40, 10, 3, 44, 20, 5, 10, 17, 18, 14, 14, 44, 46, 4, 16, 13, 25, 4, 0, 29, 0, 1, 2, 9, 9, 12, 3, 36, 34, 19, 14, 43, 27, 8, 2, 42, 17, 15, 3, 47, 15, 21, 13, 48, 0, 14, 0, 40, 26, 12, 2, 37, 0, 12, 12, 28, 28, 18, 20, 59
'MT159705.1:21563..25384', 38, 34, 23, 54, 40, 10, 3, 44, 20, 5, 10, 17, 18, 14, 14, 44, 46, 4, 16, 13, 25, 4, 0, 29, 0, 1, 2, 9, 9, 12, 3, 36, 34, 19, 14, 43, 27, 8, 2, 42, 17, 15, 3, 47, 15, 21, 13, 48, 0, 14, 0, 40, 26, 12, 2, 37, 0, 12, 12, 28, 28, 18, 20, 59
'MT159710.1:21563..25384', 38, 34, 23, 54, 40, 10, 3, 44, 20, 5, 10, 17, 18, 14, 14, 44, 46, 4, 16, 13, 25, 4, 0, 29, 0, 1, 2, 9, 9, 12, 3, 36, 34, 19, 14, 43, 27, 8, 2, 42, 17, 15, 3, 47, 15, 21, 13, 48, 0, 14, 0, 40, 26, 12, 2, 37, 0, 12, 12, 28, 28, 18, 20, 59
'MT159716.1:21548..25369', 38, 34, 23, 54, 40, 10, 3, 44, 20, 5, 10, 17, 18, 14, 14, 44, 46, 4, 16, 13, 25, 4, 0, 29, 0, 1, 2, 9, 9, 12, 3, 36, 34, 19, 14, 43, 27, 8, 2, 42, 17, 15, 3, 47, 15, 21, 13, 48, 0, 14, 0, 40, 26, 12, 2, 37, 0, 12, 12, 28, 29, 17, 20, 59
'MT159715.1:21563..25384', 38, 34, 23, 54, 40, 10, 3, 44, 20, 5, 10, 17, 18, 14, 14, 44, 46, 4, 16, 13, 25, 4, 0, 29, 0, 1, 2, 9, 9, 12, 3, 36, 34, 19, 14, 43, 27, 8, 2, 42, 17, 15, 3, 47, 15, 21, 13, 48, 0, 14, 0, 40, 26, 12, 2, 37, 0, 12, 12, 28, 28, 18, 20, 59
'MT159722.1:21563..25384', 38, 34, 23, 54, 40, 10, 3, 44, 20, 5, 10, 17, 18, 14, 14, 44, 46, 4, 16, 13, 25, 4, 0, 29, 0, 1, 2, 9, 9, 12, 3, 36, 34, 19, 14, 43, 27, 8, 2, 42, 17, 15, 3, 47, 15, 21, 13, 48, 0, 14, 0, 40, 26, 12, 2, 37, 0, 12, 12, 28, 28, 18, 20, 59
'MT159714.1:21563..25384', 38, 34, 23, 54, 40, 10, 3, 44, 20, 5, 10, 17, 18, 14, 14, 44, 46, 4, 16, 13, 25, 4, 0, 29, 0, 1, 2, 9, 9, 12, 3, 36, 34, 19, 14, 43, 27, 8, 2, 42, 17, 15, 3, 47, 15, 21, 13, 48, 0, 14, 0, 40, 26, 12, 2, 37, 0, 12, 12, 28, 28, 18, 20, 59
'MT012098.1:21550..25368', 38, 34, 23, 54, 40, 10, 3, 44, 19, 5, 10, 17, 19, 14, 14, 44, 46, 4, 16, 13, 25, 4, 0, 29, 0, 1, 2, 9, 9, 12, 3, 36, 34, 19, 14, 43, 27, 8, 2, 42, 17, 15, 3, 47, 15, 21, 13, 48, 0, 14, 0, 39, 26, 12, 2, 37, 0, 12, 12, 28, 28, 18, 20, 59
'MT050493.1:21543..25364', 38, 34, 23, 54, 40, 10, 3, 44, 20, 5, 10, 17, 18, 14, 14, 44, 46, 4, 16, 13, 25, 4, 0, 29, 0, 1, 2, 9, 9, 12, 3, 36, 34, 19, 14, 43, 27, 8, 2, 41, 17, 15, 3, 47, 15, 21, 13, 49, 0, 14, 0, 40, 26, 12, 2, 37, 0, 12, 12, 28, 28, 18, 20, 59
'MT152824.1:21561..25382', 38, 34, 23, 54, 40, 10, 3, 44, 20, 5, 10, 17, 18, 14, 14, 44, 46, 4, 16, 13, 25, 4, 0, 29, 0, 1, 2, 9, 9, 12, 3, 36, 34, 19, 14, 43, 27, 8, 2, 42, 17, 15, 3, 47, 15, 21, 13, 48, 0, 14, 0, 40, 26, 12, 2, 37, 0, 12, 12, 28, 28, 18, 20, 59
'MT135042.1:21563..25384', 38, 34, 23, 54, 40, 10, 3, 44, 20, 5, 10, 17, 18, 14, 14, 44, 46, 4, 16, 13, 25, 4, 0, 29, 0, 1, 2, 9, 9, 12, 3, 36, 34, 19, 14, 43, 27, 8, 2, 42, 17, 15, 3, 47, 15, 21, 13, 48, 0, 14, 0, 40, 26, 12, 2, 37, 0, 12, 12, 28, 28, 18, 20, 59
'MT135041.1:21563..25384', 38, 34, 23, 54, 40, 10, 3, 44, 20, 5, 10, 17, 18, 14, 14, 44, 46, 4, 16, 13, 25, 4, 0, 29, 0, 1, 2, 9, 9, 12, 3, 36, 34, 19, 14, 43, 27, 8, 2, 42, 17, 15, 3, 47, 15, 21, 13, 48, 0, 14, 0, 40, 26, 12, 2, 37, 0, 12, 12, 28, 28, 18, 20, 59
'MT135043.1:21563..25384', 38, 34, 23, 54, 40, 10, 3, 44, 20, 5, 10, 17, 18, 14, 14, 44, 46, 4, 16, 13, 25, 4, 0, 29, 0, 1, 2, 9, 9, 12, 3, 36, 34, 19, 14, 43, 27, 8, 2, 42, 17, 15, 3, 47, 15, 21, 13, 48, 0, 14, 0, 40, 26, 12, 2, 37, 0, 12, 12, 28, 28, 18, 20, 59
'MT135044.1:21563..25384', 38, 34, 23, 54, 40, 10, 3, 44, 20, 5, 10, 17, 18, 14, 14, 44, 46, 4, 16, 13, 25, 4, 0, 29, 0, 1, 2, 9, 9, 12, 3, 36, 34, 19, 14, 43, 27, 8, 2, 42, 17, 15, 3, 47, 15, 21, 13, 48, 0, 14, 0, 40, 26, 12, 2, 37, 0, 12, 12, 28, 28, 18, 20, 59
'MT126808.1:21563..25384', 38, 34, 23, 54, 40, 10, 3, 44, 20, 5, 10, 17, 18, 14, 14, 44, 46, 4, 16, 13, 25, 4, 0, 29, 0, 1, 2, 9, 9, 12, 3, 36, 34, 19, 14, 43, 27, 8, 2, 42, 17, 15, 3, 47, 15, 21, 13, 48, 0, 14, 0, 40, 26, 12, 2, 37, 0, 12, 12, 28, 28, 18, 20, 59
'MT123293.2:21557..25378', 38, 34, 23, 54, 40, 10, 3, 44, 20, 5, 10, 17, 18, 14, 14, 44, 46, 4, 16, 13, 25, 4, 0, 29, 0, 1, 2, 9, 9, 12, 3, 36, 34, 19, 14, 43, 27, 8, 2, 42, 17, 15, 3, 47, 15, 21, 13, 48, 0, 14, 0, 40, 26, 12, 2, 37, 0, 12, 12, 28, 28, 18, 20, 59
'MT123291.2:21560..25381', 38, 34, 23, 54, 40, 10, 3, 44, 20, 5, 10, 17, 18, 14, 14, 44, 46, 4, 16, 13, 25, 4, 0, 29, 0, 1, 2, 9, 9, 12, 3, 36, 34, 19, 14, 43, 27, 8, 2, 42, 17, 15, 3, 47, 15, 21, 13, 48, 0, 14, 0, 40, 26, 12, 2, 37, 0, 12, 12, 28, 28, 18, 20, 59
'MT123290.1:21566..25387', 38, 34, 23, 54, 40, 10, 3, 44, 20, 5, 10, 17, 18, 14, 14, 44, 46, 4, 16, 13, 25, 4, 0, 29, 0, 1, 2, 9, 9, 12, 3, 36, 34, 19, 14, 43, 27, 8, 2, 42, 17, 15, 3, 47, 15, 21, 13, 48, 0, 14, 0, 40, 26, 12, 2, 37, 0, 12, 12, 28, 28, 18, 20, 59
'MT123292.2:21563..25384', 38, 34, 23, 54, 40, 10, 3, 44, 20, 5, 10, 17, 18, 14, 14, 44, 46, 4, 16, 13, 25, 4, 0, 29, 0, 1, 2, 9, 9, 12, 3, 36, 34, 19, 14, 43, 27, 8, 2, 42, 17, 15, 3, 47, 15, 21, 13, 48, 0, 14, 0, 40, 26, 12, 2, 37, 0, 12, 12, 28, 28, 18, 20, 59
'MT118835.1:21563..25384', 38, 34, 23, 54, 40, 10, 3, 44, 20, 5, 10, 17, 18, 14, 14, 44, 46, 4, 16, 13, 25, 4, 0, 29, 0, 1, 2, 9, 9, 12, 3, 36, 34, 19, 14, 43, 27, 8, 2, 42, 17, 15, 3, 47, 15, 21, 13, 48, 0, 14, 0, 40, 26, 12, 2, 37, 0, 12, 12, 28, 28, 18, 20, 59
'MT106053.1:21563..25384', 37, 34, 24, 54, 40, 10, 3, 44, 20, 5, 10, 17, 18, 14, 14, 44, 46, 4, 16, 13, 25, 4, 0, 29, 0, 1, 2, 9, 9, 12, 3, 36, 34, 19, 14, 43, 27, 8, 2, 42, 17, 15, 3, 47, 15, 21, 13, 48, 0, 14, 0, 40, 26, 12, 2, 37, 0, 12, 12, 28, 28, 18, 20, 59
'MT106052.1:21563..25384', 38, 34, 23, 54, 40, 10, 3, 44, 20, 5, 10, 17, 18, 14, 14, 44, 46, 4, 16, 13, 25, 4, 0, 29, 0, 1, 2, 9, 9, 12, 3, 36, 34, 19, 14, 43, 27, 8, 2, 42, 17, 15, 3, 47, 15, 21, 13, 48, 0, 14, 0, 40, 26, 12, 2, 37, 0, 12, 12, 28, 28, 18, 20, 59
'MT106054.1:21563..25384', 38, 34, 23, 54, 40, 10, 3, 44, 20, 5, 10, 17, 18, 14, 14, 44, 46, 4, 16, 13, 25, 4, 0, 29, 0, 1, 2, 9, 9, 12, 3, 36, 34, 19, 14, 43, 27, 8, 2, 42, 17, 15, 3, 47, 15, 21, 13, 48, 0, 14, 0, 40, 26, 12, 2, 37, 0, 12, 12, 28, 28, 18, 20, 59
'MT093571.1:21563..25384', 38, 34, 23, 54, 40, 10, 3, 44, 20, 5, 10, 17, 18, 14, 14, 44, 46, 4, 16, 13, 25, 4, 0, 29, 0, 1, 2, 9, 9, 12, 3, 36, 34, 19, 14, 43, 27, 8, 2, 42, 17, 15, 3, 47, 15, 21, 13, 48, 0, 14, 0, 40, 26, 12, 2, 37, 0, 12, 12, 29, 28, 18, 20, 58
'MT093631.2:21550..25371', 38, 34, 23, 54, 40, 10, 3, 44, 20, 5, 10, 17, 18, 14, 14, 44, 46, 4, 16, 13, 25, 4, 0, 29, 0, 1, 2, 9, 9, 12, 3, 36, 34, 19, 14, 43, 27, 8, 2, 42, 17, 15, 3, 47, 15, 21, 13, 48, 0, 14, 0, 40, 26, 12, 2, 37, 0, 12, 12, 28, 28, 18, 20, 59
'MT072688.1:21548..25369', 38, 33, 23, 55, 40, 10, 3, 44, 20, 5, 10, 17, 18, 14, 14, 44, 46, 4, 16, 13, 25, 4, 0, 29, 0, 1, 2, 9, 9, 12, 3, 36, 34, 19, 14, 43, 27, 8, 2, 42, 17, 15, 3, 47, 15, 21, 13, 48, 0, 14, 0, 40, 26, 12, 2, 37, 0, 12, 12, 28, 28, 18, 20, 59
'MT066175.1:21563..25384', 38, 34, 23, 54, 40, 10, 3, 44, 20, 5, 10, 17, 18, 14, 14, 44, 46, 4, 16, 13, 25, 4, 0, 29, 0, 1, 2, 9, 9, 12, 3, 36, 34, 19, 14, 43, 27, 8, 2, 42, 17, 15, 3, 47, 15, 21, 13, 48, 0, 14, 0, 40, 26, 12, 2, 37, 0, 12, 12, 28, 28, 18, 20, 59
'MT066176.1:21563..25384', 38, 34, 23, 54, 40, 10, 3, 44, 20, 5, 10, 17, 18, 14, 14, 44, 46, 4, 16, 13, 25, 4, 0, 29, 0, 1, 2, 9, 9, 12, 3, 36, 34, 19, 14, 43, 27, 8, 2, 42, 17, 15, 3, 47, 15, 21, 13, 48, 0, 14, 0, 40, 26, 12, 2, 37, 0, 12, 12, 28, 28, 18, 20, 59
'MT044258.1:21539..25360', 38, 34, 23, 54, 40, 10, 3, 44, 20, 5, 10, 17, 18, 14, 14, 44, 46, 4, 16, 13, 25, 4, 0, 29, 0, 1, 2, 9, 9, 12, 3, 36, 34, 19, 14, 43, 27, 8, 2, 42, 17, 15, 3, 47, 15, 21, 13, 48, 0, 14, 0, 40, 26, 12, 2, 37, 0, 12, 12, 28, 28, 18, 20, 59
'MT049951.1:21563..25384', 38, 35, 23, 54, 40, 10, 3, 44, 20, 5, 10, 17, 18, 14, 14, 44, 46, 4, 16, 13, 25, 4, 0, 29, 0, 1, 2, 9, 9, 12, 3, 36, 34, 19, 14, 43, 27, 8, 2, 42, 17, 15, 3, 47, 15, 21, 13, 48, 0, 13, 0, 40, 26, 12, 2, 37, 0, 12, 12, 28, 28, 18, 20, 59
'MT044257.1:21563..25384', 38, 33, 23, 55, 40, 10, 3, 44, 20, 5, 10, 17, 18, 14, 14, 44, 46, 4, 16, 13, 25, 4, 0, 29, 0, 1, 2, 9, 9, 12, 3, 36, 34, 19, 14, 43, 27, 8, 2, 42, 17, 15, 3, 47, 15, 21, 13, 48, 0, 14, 0, 40, 26, 12, 2, 37, 0, 12, 12, 28, 28, 18, 20, 59
'MT039873.1:21560..25381', 38, 34, 23, 54, 40, 10, 3, 44, 20, 5, 10, 17, 18, 14, 14, 44, 46, 4, 16, 13, 25, 4, 0, 29, 0, 1, 2, 9, 9, 12, 3, 36, 34, 19, 14, 43, 27, 8, 2, 42, 17, 15, 3, 47, 15, 21, 13, 48, 0, 14, 0, 40, 26, 12, 2, 37, 0, 12, 12, 28, 28, 18, 20, 59
'MT039887.1:21560..25381', 38, 34, 23, 54, 40, 10, 3, 44, 20, 5, 10, 17, 18, 14, 14, 44, 46, 4, 16, 13, 25, 4, 0, 29, 0, 1, 2, 9, 9, 12, 3, 36, 34, 19, 14, 43, 27, 8, 2, 42, 17, 15, 3, 47, 15, 21, 13, 48, 0, 14, 0, 40, 26, 12, 2, 37, 0, 12, 12, 28, 28, 18, 20, 59
'MT039888.1:21563..25384', 38, 33, 23, 55, 40, 10, 3, 44, 20, 5, 10, 17, 18, 14, 14, 44, 46, 4, 16, 13, 25, 4, 0, 29, 0, 1, 2, 9, 9, 12, 3, 36, 34, 19, 14, 43, 27, 8, 2, 42, 17, 15, 3, 47, 15, 21, 13, 48, 0, 14, 0, 40, 26, 12, 2, 37, 0, 12, 12, 28, 28, 18, 20, 59
'MT039890.1:21563..25384', 38, 34, 23, 54, 40, 10, 3, 44, 20, 5, 10, 17, 18, 14, 14, 44, 46, 4, 16, 13, 25, 4, 0, 29, 0, 1, 2, 9, 9, 12, 3, 36, 34, 19, 14, 43, 27, 8, 2, 42, 17, 15, 3, 47, 15, 21, 13, 48, 0, 14, 0, 40, 26, 12, 1, 37, 0, 12, 13, 28, 28, 18, 20, 59
'MT027064.1:21563..25384', 38, 34, 23, 54, 40, 10, 3, 44, 20, 5, 10, 17, 18, 14, 14, 44, 46, 4, 16, 12, 25, 4, 0, 29, 0, 1, 2, 9, 9, 12, 3, 36, 34, 19, 14, 43, 27, 8, 2, 42, 17, 15, 3, 47, 15, 21, 13, 48, 0, 14, 0, 41, 26, 12, 2, 37, 0, 12, 12, 28, 28, 18, 20, 59
'MT027063.1:21563..25384', 38, 34, 23, 54, 40, 10, 3, 44, 20, 5, 10, 17, 18, 14, 14, 44, 46, 4, 16, 13, 25, 4, 0, 29, 0, 1, 2, 9, 9, 12, 3, 36, 34, 19, 14, 43, 27, 8, 2, 42, 17, 15, 3, 47, 15, 21, 13, 48, 0, 14, 0, 40, 26, 12, 2, 37, 0, 12, 12, 28, 28, 18, 20, 59
'MT027062.1:21563..25384', 38, 34, 23, 54, 40, 10, 3, 44, 20, 5, 10, 17, 18, 14, 14, 44, 46, 4, 16, 13, 25, 4, 0, 29, 0, 1, 2, 9, 9, 12, 3, 36, 34, 19, 14, 43, 27, 8, 2, 42, 17, 15, 3, 47, 15, 21, 13, 48, 0, 14, 0, 40, 26, 12, 2, 37, 0, 12, 12, 28, 28, 18, 20, 59
'MT020880.1:21563..25384', 38, 34, 23, 54, 40, 10, 3, 44, 20, 5, 10, 17, 18, 14, 14, 44, 46, 4, 16, 13, 25, 4, 0, 29, 0, 1, 2, 9, 9, 12, 3, 36, 34, 19, 14, 43, 27, 8, 2, 42, 17, 15, 3, 47, 15, 21, 13, 48, 0, 14, 0, 40, 26, 12, 2, 37, 0, 12, 12, 28, 28, 18, 20, 59
'MT019529.1:21563..25384', 38, 34, 23, 54, 40, 10, 3, 44, 20, 5, 10, 17, 18, 14, 14, 44, 46, 4, 16, 13, 25, 4, 0, 29, 0, 1, 2, 9, 9, 12, 3, 36, 34, 19, 14, 43, 27, 8, 2, 42, 17, 15, 3, 47, 15, 21, 13, 48, 0, 14, 0, 40, 26, 12, 2, 37, 0, 12, 12, 28, 28, 18, 20, 59
'MT019530.1:21563..25384', 38, 34, 23, 54, 40, 10, 3, 44, 20, 5, 10, 17, 18, 14, 14, 44, 46, 4, 16, 13, 25, 4, 0, 29, 0, 1, 2, 9, 9, 12, 3, 36, 34, 19, 14, 43, 27, 8, 2, 42, 17, 15, 3, 47, 15, 21, 13, 48, 0, 14, 0, 40, 26, 12, 2, 37, 0, 12, 12, 28, 28, 18, 20, 59
'MT019533.1:21563..25384', 38, 34, 23, 54, 40, 10, 3, 44, 20, 5, 10, 17, 18, 14, 14, 44, 46, 4, 16, 13, 25, 4, 0, 29, 0, 1, 2, 9, 9, 12, 3, 36, 34, 19, 14, 43, 27, 8, 2, 42, 17, 15, 3, 47, 15, 21, 13, 48, 0, 14, 0, 40, 26, 12, 2, 37, 0, 12, 12, 28, 28, 18, 20, 59
'MT019531.1:21563..25384', 38, 34, 23, 54, 40, 10, 3, 44, 20, 5, 10, 17, 18, 14, 14, 44, 46, 4, 16, 13, 25, 4, 0, 29, 0, 1, 2, 9, 9, 12, 3, 36, 34, 19, 14, 43, 27, 8, 2, 42, 17, 15, 3, 47, 15, 21, 13, 48, 0, 14, 0, 40, 26, 12, 2, 37, 0, 12, 12, 28, 28, 18, 20, 59
'MT019532.1:21563..25384', 38, 34, 23, 54, 40, 10, 3, 44, 20, 5, 10, 17, 18, 14, 14, 44, 46, 4, 16, 13, 25, 4, 0, 29, 0, 1, 2, 9, 9, 12, 3, 36, 34, 19, 14, 43, 27, 8, 2, 42, 17, 15, 3, 47, 15, 21, 13, 48, 0, 14, 0, 40, 26, 12, 2, 37, 0, 12, 12, 28, 28, 18, 20, 59
'MT020881.1:21563..25384', 38, 34, 23, 54, 40, 10, 3, 44, 20, 5, 10, 17, 18, 14, 14, 44, 46, 4, 16, 13, 25, 4, 0, 29, 0, 1, 2, 9, 9, 12, 3, 36, 34, 19, 14, 43, 27, 8, 2, 42, 17, 15, 3, 47, 15, 21, 13, 48, 0, 14, 0, 40, 26, 12, 2, 37, 0, 12, 12, 28, 28, 18, 20, 59
'MT007544.1:21563..25384', 38, 34, 23, 54, 40, 10, 3, 44, 20, 5, 11, 16, 18, 14, 14, 44, 46, 4, 16, 13, 25, 4, 0, 29, 0, 1, 2, 9, 9, 12, 3, 36, 34, 19, 14, 43, 27, 8, 2, 42, 17, 15, 3, 47, 15, 21, 13, 48, 0, 14, 0, 40, 26, 12, 2, 37, 0, 12, 12, 28, 28, 18, 20, 59
'MN996527.1:21530..25351', 37, 34, 24, 54, 40, 10, 3, 44, 20, 5, 10, 17, 18, 14, 14, 44, 46, 4, 16, 13, 25, 4, 0, 29, 0, 1, 2, 9, 9, 12, 3, 36, 34, 19, 14, 43, 27, 8, 2, 42, 17, 15, 3, 47, 15, 21, 13, 48, 0, 14, 0, 40, 26, 12, 2, 37, 0, 12, 12, 28, 28, 18, 20, 59
'MN996528.1:21563..25384', 38, 34, 23, 54, 40, 10, 3, 44, 20, 5, 10, 17, 18, 14, 14, 44, 46, 4, 16, 13, 25, 4, 0, 29, 0, 1, 2, 9, 9, 12, 3, 36, 34, 19, 14, 43, 27, 8, 2, 42, 17, 15, 3, 47, 15, 21, 13, 48, 0, 14, 0, 40, 26, 12, 2, 37, 0, 12, 12, 28, 28, 18, 20, 59
'MN996531.1:21550..25371', 38, 34, 23, 54, 40, 10, 3, 44, 20, 5, 10, 17, 18, 14, 14, 44, 46, 4, 16, 13, 25, 4, 0, 29, 0, 1, 2, 9, 9, 12, 3, 36, 34, 19, 14, 43, 27, 8, 2, 42, 17, 15, 3, 47, 15, 21, 13, 48, 0, 14, 0, 40, 26, 12, 2, 37, 0, 12, 12, 28, 28, 18, 20, 59
'MN996529.1:21551..25372', 38, 34, 23, 54, 40, 10, 3, 44, 20, 5, 10, 17, 18, 14, 14, 44, 46, 4, 16, 13, 25, 4, 0, 29, 0, 1, 2, 9, 9, 12, 3, 36, 34, 19, 14, 43, 27, 8, 2, 42, 17, 15, 3, 47, 15, 21, 13, 48, 0, 14, 0, 40, 26, 12, 2, 37, 0, 12, 12, 28, 28, 18, 20, 59
'MN996530.1:21549..25370', 38, 34, 23, 54, 40, 10, 3, 44, 20, 5, 10, 17, 18, 14, 14, 44, 46, 4, 16, 13, 25, 4, 0, 29, 0, 1, 2, 9, 9, 12, 3, 36, 34, 19, 14, 43, 27, 8, 2, 42, 17, 15, 3, 47, 15, 21, 13, 48, 0, 14, 0, 40, 26, 12, 2, 37, 0, 12, 12, 28, 28, 18, 20, 59
'MN988669.1:21562..25383', 38, 34, 23, 54, 40, 10, 3, 44, 20, 5, 10, 17, 18, 14, 14, 44, 46, 4, 16, 13, 25, 4, 0, 29, 0, 1, 2, 9, 9, 12, 3, 36, 34, 19, 14, 43, 27, 8, 2, 42, 17, 15, 3, 47, 15, 21, 13, 48, 0, 14, 0, 40, 26, 12, 2, 37, 0, 12, 12, 28, 28, 18, 20, 59
'MN994468.1:21563..25384', 38, 34, 23, 54, 40, 10, 3, 44, 20, 5, 10, 17, 18, 14, 14, 44, 46, 4, 16, 13, 25, 4, 0, 29, 0, 1, 2, 9, 9, 12, 3, 36, 34, 19, 14, 43, 27, 8, 2, 42, 17, 15, 3, 47, 15, 21, 13, 48, 0, 14, 0, 40, 26, 12, 2, 37, 0, 12, 12, 28, 28, 18, 20, 59
'MN994467.1:21563..25384', 38, 33, 23, 55, 40, 10, 3, 44, 20, 5, 10, 17, 18, 14, 14, 44, 46, 4, 16, 13, 25, 4, 0, 29, 0, 1, 2, 9, 9, 12, 3, 36, 34, 19, 14, 43, 27, 8, 2, 42, 17, 15, 3, 47, 15, 21, 13, 48, 0, 14, 0, 40, 26, 12, 2, 37, 0, 12, 12, 28, 28, 18, 20, 59
'MN997409.1:21563..25384', 38, 34, 23, 54, 40, 10, 3, 44, 20, 5, 10, 17, 18, 14, 14, 44, 46, 4, 16, 13, 25, 4, 0, 29, 0, 1, 2, 9, 9, 12, 3, 36, 34, 19, 14, 43, 27, 8, 2, 42, 17, 15, 3, 47, 15, 21, 13, 48, 0, 14, 0, 40, 26, 12, 2, 37, 0, 12, 12, 28, 28, 18, 20, 59
'MN988668.1:21562..25383', 38, 34, 23, 54, 40, 10, 3, 44, 20, 5, 10, 17, 18, 14, 14, 44, 46, 4, 16, 13, 25, 4, 0, 29, 0, 1, 2, 9, 9, 12, 3, 36, 34, 19, 14, 43, 27, 8, 2, 42, 17, 15, 3, 47, 15, 21, 13, 48, 0, 14, 0, 40, 26, 12, 2, 37, 0, 12, 12, 28, 28, 18, 20, 59
'MN988713.1:21563..25384', 38, 33, 23, 54, 40, 10, 3, 44, 20, 5, 10, 17, 18, 14, 14, 44, 46, 4, 16, 13, 25, 4, 0, 29, 0, 1, 2, 9, 9, 12, 3, 36, 34, 19, 14, 43, 27, 8, 2, 42, 17, 15, 3, 47, 15, 21, 13, 48, 0, 14, 0, 40, 26, 12, 2, 37, 0, 12, 12, 28, 28, 18, 20, 59
'MN938384.1:21531..25352', 38, 34, 23, 54, 40, 10, 3, 44, 20, 5, 10, 17, 18, 14, 14, 44, 46, 4, 16, 13, 25, 4, 0, 29, 0, 1, 2, 9, 9, 12, 3, 36, 34, 19, 14, 43, 27, 8, 2, 42, 17, 15, 3, 47, 15, 21, 13, 48, 0, 14, 0, 40, 26, 12, 2, 37, 0, 12, 12, 28, 28, 18, 20, 59
'MN975262.1:21563..25384', 38, 34, 23, 54, 40, 10, 3, 44, 20, 5, 10, 17, 18, 14, 14, 44, 46, 4, 16, 13, 25, 4, 0, 29, 0, 1, 2, 9, 9, 12, 3, 36, 34, 19, 14, 43, 27, 8, 2, 42, 17, 15, 3, 47, 15, 21, 13, 48, 0, 14, 0, 40, 26, 12, 2, 37, 0, 12, 12, 28, 28, 18, 20, 59
'MN985325.1:21563..25384', 38, 34, 23, 54, 40, 10, 3, 44, 20, 5, 10, 17, 18, 14, 14, 44, 46, 4, 16, 13, 25, 4, 0, 29, 0, 1, 2, 9, 9, 12, 3, 36, 34, 19, 14, 43, 27, 8, 2, 42, 17, 15, 3, 47, 15, 21, 13, 48, 0, 14, 0, 40, 26, 12, 2, 37, 0, 12, 12, 28, 28, 18, 20, 59
'MN908947.3:21563..25384', 38, 34, 23, 54, 40, 10, 3, 44, 20, 5, 10, 17, 18, 14, 14, 44, 46, 4, 16, 13, 25, 4, 0, 29, 0, 1, 2, 9, 9, 12, 3, 36, 34, 19, 14, 43, 27, 8, 2, 42, 17, 15, 3, 47, 15, 21, 13, 48, 0, 14, 0, 40, 26, 12, 2, 37, 0, 12, 12, 28, 28, 18, 20, 59
